520
< 10001 0 10002
+ 10001 10002 10001
< 10003 1 10004
+ 10003 10004 10003
< 10002 10004 10005
< 10005 10004 10004
+ 2 10004 2
< 10003 1 10004
+ 10003 10004 10003
< 10002 10004 10005
< 10005 10004 10004
+ 2 10004 2
< 10003 1 10004
+ 10003 10004 10003
< 10002 10004 10005
< 10005 10004 10004
+ 2 10004 2
< 10003 1 10004
+ 10003 10004 10003
< 10002 10004 10005
< 10005 10004 10004
+ 2 10004 2
< 10003 1 10004
+ 10003 10004 10003
< 10002 10004 10005
< 10005 10004 10004
+ 2 10004 2
< 10003 1 10004
+ 10003 10004 10003
< 10002 10004 10005
< 10005 10004 10004
+ 2 10004 2
< 10003 1 10004
+ 10003 10004 10003
< 10002 10004 10005
< 10005 10004 10004
+ 2 10004 2
< 10003 1 10004
+ 10003 10004 10003
< 10002 10004 10005
< 10005 10004 10004
+ 2 10004 2
< 10003 1 10004
+ 10003 10004 10003
< 10002 10004 10005
< 10005 10004 10004
+ 2 10004 2
< 10003 1 10004
+ 10003 10004 10003
< 10002 10004 10005
< 10005 10004 10004
+ 2 10004 2
< 10001 0 10002
+ 10001 10002 10001
< 10013 1 10004
+ 10013 10004 10013
< 10002 10004 10005
< 10005 10004 10004
+ 2 10004 2
< 10013 1 10004
+ 10013 10004 10013
< 10002 10004 10005
< 10005 10004 10004
+ 2 10004 2
< 10013 1 10004
+ 10013 10004 10013
< 10002 10004 10005
< 10005 10004 10004
+ 2 10004 2
< 10013 1 10004
+ 10013 10004 10013
< 10002 10004 10005
< 10005 10004 10004
+ 2 10004 2
< 10013 1 10004
+ 10013 10004 10013
< 10002 10004 10005
< 10005 10004 10004
+ 2 10004 2
< 10013 1 10004
+ 10013 10004 10013
< 10002 10004 10005
< 10005 10004 10004
+ 2 10004 2
< 10013 1 10004
+ 10013 10004 10013
< 10002 10004 10005
< 10005 10004 10004
+ 2 10004 2
< 10013 1 10004
+ 10013 10004 10013
< 10002 10004 10005
< 10005 10004 10004
+ 2 10004 2
< 10013 1 10004
+ 10013 10004 10013
< 10002 10004 10005
< 10005 10004 10004
+ 2 10004 2
< 10013 1 10004
+ 10013 10004 10013
< 10002 10004 10005
< 10005 10004 10004
+ 2 10004 2
< 10001 0 10002
+ 10001 10002 10001
< 10023 1 10004
+ 10023 10004 10023
< 10002 10004 10005
< 10005 10004 10004
+ 2 10004 2
< 10023 1 10004
+ 10023 10004 10023
< 10002 10004 10005
< 10005 10004 10004
+ 2 10004 2
< 10023 1 10004
+ 10023 10004 10023
< 10002 10004 10005
< 10005 10004 10004
+ 2 10004 2
< 10023 1 10004
+ 10023 10004 10023
< 10002 10004 10005
< 10005 10004 10004
+ 2 10004 2
< 10023 1 10004
+ 10023 10004 10023
< 10002 10004 10005
< 10005 10004 10004
+ 2 10004 2
< 10023 1 10004
+ 10023 10004 10023
< 10002 10004 10005
< 10005 10004 10004
+ 2 10004 2
< 10023 1 10004
+ 10023 10004 10023
< 10002 10004 10005
< 10005 10004 10004
+ 2 10004 2
< 10023 1 10004
+ 10023 10004 10023
< 10002 10004 10005
< 10005 10004 10004
+ 2 10004 2
< 10023 1 10004
+ 10023 10004 10023
< 10002 10004 10005
< 10005 10004 10004
+ 2 10004 2
< 10023 1 10004
+ 10023 10004 10023
< 10002 10004 10005
< 10005 10004 10004
+ 2 10004 2
< 10001 0 10002
+ 10001 10002 10001
< 10033 1 10004
+ 10033 10004 10033
< 10002 10004 10005
< 10005 10004 10004
+ 2 10004 2
< 10033 1 10004
+ 10033 10004 10033
< 10002 10004 10005
< 10005 10004 10004
+ 2 10004 2
< 10033 1 10004
+ 10033 10004 10033
< 10002 10004 10005
< 10005 10004 10004
+ 2 10004 2
< 10033 1 10004
+ 10033 10004 10033
< 10002 10004 10005
< 10005 10004 10004
+ 2 10004 2
< 10033 1 10004
+ 10033 10004 10033
< 10002 10004 10005
< 10005 10004 10004
+ 2 10004 2
< 10033 1 10004
+ 10033 10004 10033
< 10002 10004 10005
< 10005 10004 10004
+ 2 10004 2
< 10033 1 10004
+ 10033 10004 10033
< 10002 10004 10005
< 10005 10004 10004
+ 2 10004 2
< 10033 1 10004
+ 10033 10004 10033
< 10002 10004 10005
< 10005 10004 10004
+ 2 10004 2
< 10033 1 10004
+ 10033 10004 10033
< 10002 10004 10005
< 10005 10004 10004
+ 2 10004 2
< 10033 1 10004
+ 10033 10004 10033
< 10002 10004 10005
< 10005 10004 10004
+ 2 10004 2
< 10001 0 10002
+ 10001 10002 10001
< 10043 1 10004
+ 10043 10004 10043
< 10002 10004 10005
< 10005 10004 10004
+ 2 10004 2
< 10043 1 10004
+ 10043 10004 10043
< 10002 10004 10005
< 10005 10004 10004
+ 2 10004 2
< 10043 1 10004
+ 10043 10004 10043
< 10002 10004 10005
< 10005 10004 10004
+ 2 10004 2
< 10043 1 10004
+ 10043 10004 10043
< 10002 10004 10005
< 10005 10004 10004
+ 2 10004 2
< 10043 1 10004
+ 10043 10004 10043
< 10002 10004 10005
< 10005 10004 10004
+ 2 10004 2
< 10043 1 10004
+ 10043 10004 10043
< 10002 10004 10005
< 10005 10004 10004
+ 2 10004 2
< 10043 1 10004
+ 10043 10004 10043
< 10002 10004 10005
< 10005 10004 10004
+ 2 10004 2
< 10043 1 10004
+ 10043 10004 10043
< 10002 10004 10005
< 10005 10004 10004
+ 2 10004 2
< 10043 1 10004
+ 10043 10004 10043
< 10002 10004 10005
< 10005 10004 10004
+ 2 10004 2
< 10043 1 10004
+ 10043 10004 10043
< 10002 10004 10005
< 10005 10004 10004
+ 2 10004 2
< 10001 0 10002
+ 10001 10002 10001
< 10053 1 10004
+ 10053 10004 10053
< 10002 10004 10005
< 10005 10004 10004
+ 2 10004 2
< 10053 1 10004
+ 10053 10004 10053
< 10002 10004 10005
< 10005 10004 10004
+ 2 10004 2
< 10053 1 10004
+ 10053 10004 10053
< 10002 10004 10005
< 10005 10004 10004
+ 2 10004 2
< 10053 1 10004
+ 10053 10004 10053
< 10002 10004 10005
< 10005 10004 10004
+ 2 10004 2
< 10053 1 10004
+ 10053 10004 10053
< 10002 10004 10005
< 10005 10004 10004
+ 2 10004 2
< 10053 1 10004
+ 10053 10004 10053
< 10002 10004 10005
< 10005 10004 10004
+ 2 10004 2
< 10053 1 10004
+ 10053 10004 10053
< 10002 10004 10005
< 10005 10004 10004
+ 2 10004 2
< 10053 1 10004
+ 10053 10004 10053
< 10002 10004 10005
< 10005 10004 10004
+ 2 10004 2
< 10053 1 10004
+ 10053 10004 10053
< 10002 10004 10005
< 10005 10004 10004
+ 2 10004 2
< 10053 1 10004
+ 10053 10004 10053
< 10002 10004 10005
< 10005 10004 10004
+ 2 10004 2
< 10001 0 10002
+ 10001 10002 10001
< 10063 1 10004
+ 10063 10004 10063
< 10002 10004 10005
< 10005 10004 10004
+ 2 10004 2
< 10063 1 10004
+ 10063 10004 10063
< 10002 10004 10005
< 10005 10004 10004
+ 2 10004 2
< 10063 1 10004
+ 10063 10004 10063
< 10002 10004 10005
< 10005 10004 10004
+ 2 10004 2
< 10063 1 10004
+ 10063 10004 10063
< 10002 10004 10005
< 10005 10004 10004
+ 2 10004 2
< 10063 1 10004
+ 10063 10004 10063
< 10002 10004 10005
< 10005 10004 10004
+ 2 10004 2
< 10063 1 10004
+ 10063 10004 10063
< 10002 10004 10005
< 10005 10004 10004
+ 2 10004 2
< 10063 1 10004
+ 10063 10004 10063
< 10002 10004 10005
< 10005 10004 10004
+ 2 10004 2
< 10063 1 10004
+ 10063 10004 10063
< 10002 10004 10005
< 10005 10004 10004
+ 2 10004 2
< 10063 1 10004
+ 10063 10004 10063
< 10002 10004 10005
< 10005 10004 10004
+ 2 10004 2
< 10063 1 10004
+ 10063 10004 10063
< 10002 10004 10005
< 10005 10004 10004
+ 2 10004 2
< 10001 0 10002
+ 10001 10002 10001
< 10073 1 10004
+ 10073 10004 10073
< 10002 10004 10005
< 10005 10004 10004
+ 2 10004 2
< 10073 1 10004
+ 10073 10004 10073
< 10002 10004 10005
< 10005 10004 10004
+ 2 10004 2
< 10073 1 10004
+ 10073 10004 10073
< 10002 10004 10005
< 10005 10004 10004
+ 2 10004 2
< 10073 1 10004
+ 10073 10004 10073
< 10002 10004 10005
< 10005 10004 10004
+ 2 10004 2
< 10073 1 10004
+ 10073 10004 10073
< 10002 10004 10005
< 10005 10004 10004
+ 2 10004 2
< 10073 1 10004
+ 10073 10004 10073
< 10002 10004 10005
< 10005 10004 10004
+ 2 10004 2
< 10073 1 10004
+ 10073 10004 10073
< 10002 10004 10005
< 10005 10004 10004
+ 2 10004 2
< 10073 1 10004
+ 10073 10004 10073
< 10002 10004 10005
< 10005 10004 10004
+ 2 10004 2
< 10073 1 10004
+ 10073 10004 10073
< 10002 10004 10005
< 10005 10004 10004
+ 2 10004 2
< 10073 1 10004
+ 10073 10004 10073
< 10002 10004 10005
< 10005 10004 10004
+ 2 10004 2
< 10001 0 10002
+ 10001 10002 10001
< 10083 1 10004
+ 10083 10004 10083
< 10002 10004 10005
< 10005 10004 10004
+ 2 10004 2
< 10083 1 10004
+ 10083 10004 10083
< 10002 10004 10005
< 10005 10004 10004
+ 2 10004 2
< 10083 1 10004
+ 10083 10004 10083
< 10002 10004 10005
< 10005 10004 10004
+ 2 10004 2
< 10083 1 10004
+ 10083 10004 10083
< 10002 10004 10005
< 10005 10004 10004
+ 2 10004 2
< 10083 1 10004
+ 10083 10004 10083
< 10002 10004 10005
< 10005 10004 10004
+ 2 10004 2
< 10083 1 10004
+ 10083 10004 10083
< 10002 10004 10005
< 10005 10004 10004
+ 2 10004 2
< 10083 1 10004
+ 10083 10004 10083
< 10002 10004 10005
< 10005 10004 10004
+ 2 10004 2
< 10083 1 10004
+ 10083 10004 10083
< 10002 10004 10005
< 10005 10004 10004
+ 2 10004 2
< 10083 1 10004
+ 10083 10004 10083
< 10002 10004 10005
< 10005 10004 10004
+ 2 10004 2
< 10083 1 10004
+ 10083 10004 10083
< 10002 10004 10005
< 10005 10004 10004
+ 2 10004 2
< 10001 0 10002
+ 10001 10002 10001
< 10093 1 10004
+ 10093 10004 10093
< 10002 10004 10005
< 10005 10004 10004
+ 2 10004 2
< 10093 1 10004
+ 10093 10004 10093
< 10002 10004 10005
< 10005 10004 10004
+ 2 10004 2
< 10093 1 10004
+ 10093 10004 10093
< 10002 10004 10005
< 10005 10004 10004
+ 2 10004 2
< 10093 1 10004
+ 10093 10004 10093
< 10002 10004 10005
< 10005 10004 10004
+ 2 10004 2
< 10093 1 10004
+ 10093 10004 10093
< 10002 10004 10005
< 10005 10004 10004
+ 2 10004 2
< 10093 1 10004
+ 10093 10004 10093
< 10002 10004 10005
< 10005 10004 10004
+ 2 10004 2
< 10093 1 10004
+ 10093 10004 10093
< 10002 10004 10005
< 10005 10004 10004
+ 2 10004 2
< 10093 1 10004
+ 10093 10004 10093
< 10002 10004 10005
< 10005 10004 10004
+ 2 10004 2
< 10093 1 10004
+ 10093 10004 10093
< 10002 10004 10005
< 10005 10004 10004
+ 2 10004 2
< 10093 1 10004
+ 10093 10004 10093
< 10002 10004 10005
< 10005 10004 10004
+ 2 10004 2
