4244 9820 4983 9993
0 6005 897 10000
1468 4611 2370 5243
1451 1117 3798 1753
1921 423 3798 1117
5854 7288 6985 7930
6706 0 7685 2277
1451 5243 2890 6563
7528 6948 10000 7827
5710 341 5792 716
2226 1753 4136 3257
897 9195 1267 9644
7380 4287 10000 5388
2421 8160 4453 8310
6713 8386 6744 8627
3399 3457 4136 6563
4136 5284 5215 6378
9568 9622 9892 9878
1717 423 1921 708
5563 3874 5767 10000
6712 2277 7408 3463
2008 2116 2226 2911
7611 5388 9115 6133
4453 6378 5215 9820
1271 0 1451 9992
2890 3457 3399 6563
7018 3463 7380 9289
897 6489 1271 9195
5229 2255 6662 3769
2421 8310 4235 10000
5833 5618 6193 6186
6773 7965 7018 8906
5215 3769 5563 10000
5229 1125 6706 2255
3798 0 5174 1753
0 1335 747 6005
4136 2602 5215 5284
4136 1753 5229 2602
7685 1356 9999 3049
7408 3049 10000 4287
5174 0 5710 1125
7558 7896 9028 8883
1451 6563 2784 8160
2784 6563 4453 8160
6780 9289 7380 9536
1451 3257 4136 3457
8614 9739 8689 9967
7380 6427 8433 6892
1451 0 3798 423
775 4688 1261 5264
6662 3615 6924 4525
1473 8169 2421 10000
