5394 1472 7954 1642
19 4615 1329 6298
7590 1675 7954 2029
5943 1823 6865 2823
4238 559 4677 966
5005 5730 6461 6672
8679 5410 9028 5924
8467 3724 9308 4395
3420 8227 3754 8482
238 7490 1565 8356
5394 924 6126 1472
3686 6413 3857 6946
3768 7046 4554 7448
9047 5791 10000 6666
0 8819 1024 9508
6768 5498 7482 6087
6264 3778 6580 3908
1335 5294 1822 5745
7256 4693 7824 5435
3102 4068 3489 8207
6852 3048 7440 4197
893 8503 3931 8664
6126 924 6708 1472
8366 6426 9047 6934
6692 4199 7248 5471
5582 4943 5646 5160
3460 8664 5488 10000
572 3268 1468 3850
2388 5279 2800 8173
4128 0 6782 256
7954 1590 9014 2482
5468 5186 5973 5713
7554 3170 8464 4074
3525 3330 4136 4106
5427 6684 5772 6978
2467 748 3361 1634
2149 3815 2642 4064
4128 1902 5943 2379
5023 1457 5394 1902
3857 5769 5005 7046
3931 7448 4787 8664
4312 4302 5010 4999
0 9508 1024 10000
7779 8709 8138 9772
5798 8381 6753 10000
5870 7210 7118 7842
1468 2190 2315 3120
7953 7603 8139 7769
4136 2379 5134 3733
6295 6693 6843 7200
6060 256 6782 924
3525 0 4128 3330
1998 7228 2330 7449
9006 4795 9613 4967
8727 4973 9033 5379
5646 3984 6234 5152
1939 3548 2953 3815
7954 419 9052 1590
168 1693 703 2027
218 8356 893 8819
2439 1634 2605 2190
6051 1642 6815 1823
1468 3120 1939 4259
9033 4967 10000 5791
2953 3672 3525 4068
5548 298 6060 904
11 8113 218 8631
4136 3733 4544 4016
1886 8664 2599 9333
6708 985 7954 1472
8845 4408 9618 4795
8427 5270 8677 5551
9386 224 9996 873
1847 8222 3420 8503
1024 9086 1456 9760
5488 8381 5798 9755
9735 884 9988 1213
1939 3120 3109 3548
6782 0 7210 985
3489 5011 5005 5769
7792 6205 8124 6489
3109 2131 3525 3672
8849 6934 9447 7495
7824 4074 8427 5430
2874 5849 3088 6227
2315 2190 3109 3120
7210 0 7954 985
9734 21 9864 86
6239 4566 6692 5316
6467 2994 6852 3697
328 2785 1468 3268
2605 1644 3515 2131
8958 8624 9377 9178
2238 4068 3032 4823
8138 8611 8958 10000
1629 1001 2439 2190
5134 2823 6467 3778
2599 8664 3460 9855
9548 6666 10000 10000
6753 8406 7779 10000
2829 6711 3096 6961
1702 6105 2372 6789
9770 1453 10000 2715
8816 3130 9546 3692
8139 7740 9548 8611
513 0 2467 1001
9014 1590 9532 2482
0 2027 1232 2785
9532 1227 9770 2874
1232 1778 1468 2617
6865 1848 7580 2890
7778 2482 9456 3130
4793 3746 4898 3794
7496 5435 8394 6205
4787 7847 7226 8381
0 0 513 1451
0 2804 328 4373
2498 38 3239 653
