7947 6620 10000 7578
7129 5890 7947 7329
317 7005 5163 7993
288 208 1442 2643
0 0 288 3034
350 6990 5048 7005
9252 999 10000 4303
0 8563 2986 9090
6377 0 7971 2329
2188 2052 3322 3867
0 3034 1715 3655
3742 678 6377 2227
3993 17 5847 669
4128 9308 9704 10000
8417 192 9162 1114
7299 9117 8596 9295
0 6611 317 8136
8736 8161 9704 9251
3336 2000 3601 6611
3601 2236 4274 3983
2188 3867 3034 4536
2963 1298 3009 1439
7794 7578 10000 7895
3009 964 3735 1982
8860 1114 9252 4303
3378 7993 4128 10000
4274 2244 5099 4018
1753 3121 2188 4937
7971 192 8417 2329
5701 4175 6038 4263
9162 192 10000 999
1918 5331 2829 6610
5163 3072 5242 8228
5242 6693 6464 8225
18 3699 1177 4920
7971 0 10000 192
5099 2329 8860 2743
8881 5899 10000 6620
5531 8225 7104 9265
1677 962 2930 2027
7129 4303 10000 5890
7129 7329 7794 9117
64 4954 1750 5649
317 6611 5163 6990
5099 2743 8860 3072
5721 6519 6225 6693
9704 7895 10000 10000
0 8136 3378 8410
0 5649 1918 6611
0 8410 1510 8563
8527 5994 8838 6520
15 9115 3360 10000
6464 3072 7129 8225
4153 8549 4520 9208
4759 8228 5227 8661
