8203 0 8825 481
3392 3805 3678 7446
52 8842 1101 9868
8110 7312 8945 7546
9410 7528 9695 10000
1243 3534 1736 4386
7013 4452 7499 4921
7274 83 7852 716
6762 4921 7786 5804
7056 7400 8099 8255
7514 4116 8377 4693
5299 9118 5992 9969
3681 4526 4182 4915
869 149 1875 1092
408 6389 1082 6794
7056 6586 7997 7400
9161 4689 9527 4921
5850 7871 6248 8926
4825 2871 4968 9868
2123 5349 2571 6279
1453 1244 1842 1766
6802 891 6970 1495
6806 1720 7976 2898
1173 9033 1816 9683
8744 5055 9058 6558
9527 4265 10000 5173
3207 7446 3908 7816
7786 4921 9527 5055
2852 753 3721 1605
0 5787 65 8842
3678 5884 4710 6881
8857 0 10000 676
8088 1829 8382 2146
694 3378 1243 4578
5 4585 127 4870
8099 7546 8985 8909
4273 3839 4549 4203
2286 2416 4878 2823
7514 2898 8228 4116
0 3378 694 4578
9116 1896 10000 3603
9695 8811 9914 9170
8339 6385 8533 6490
2571 5349 3392 6292
5993 1653 6806 4509
9116 3603 10000 3956
1875 775 2274 2856
8985 7528 9410 9511
6842 242 7103 506
3397 7826 3914 8930
7695 8255 8096 8691
7852 481 8857 975
65 6292 3055 6389
293 4841 1519 5360
6758 6586 7056 9514
127 4578 1980 4841
8428 3296 9116 3974
3055 6292 3392 6621
2470 2832 2860 3300
65 5787 2123 6292
7499 4693 9161 4921
611 5360 1279 5535
7786 5055 8744 6385
2833 8953 4007 9857
4863 1374 5481 1985
346 1457 1425 2161
9228 7388 9553 7528
6399 9514 9312 10000
8228 3547 8376 3946
4007 8937 4819 9854
3678 3805 4273 4526
7391 8909 8502 9514
9312 9511 9410 9953
5471 8437 5702 8592
1736 3300 4146 3805
1602 6865 2026 7923
6970 975 8925 1720
9058 5831 9647 6313
9058 5173 10000 5831
6248 7589 6755 8715
5643 4128 5993 4553
7976 2450 8255 2898
2419 4473 3166 4877
1796 6404 1914 6474
2187 6279 2199 6292
5938 460 6802 1339
1978 2997 2423 3300
4968 6212 5850 8437
1115 7648 1556 8033
7997 6987 8599 7312
6762 5804 7747 6586
5743 1339 6351 1653
4903 1985 5993 2871
2797 7922 3360 8444
778 7047 1581 7517
2029 6389 2668 8539
3936 8057 4559 8699
8377 3974 9316 4689
4146 2848 4758 3575
1980 3811 2419 4906
0 0 346 2540
5995 9139 6399 10000
0 2540 1736 3378
2289 1614 3248 2411
1519 4906 3392 5349
508 1227 1353 1457
2077 8539 2740 9142
8925 676 10000 1896
6806 3108 7514 4431
5192 4566 6499 6212
0 9868 5299 10000
9316 3956 10000 4265
5990 6365 6125 6569
346 0 869 1227
0 5535 2123 5787
2686 7182 3207 7907
6499 4509 6758 7589
