4934 6278 6050 6809
5266 0 6149 309
1506 5767 2046 6100
5502 9269 6895 10000
7464 7640 9005 8419
4760 550 5482 1590
4531 8606 6495 9269
6895 9789 6946 9909
1099 9336 3883 9604
5785 714 8198 1169
3822 81 5266 550
0 795 4209 939
703 5217 1495 6003
4093 2955 5486 3854
8177 3422 9279 4144
2672 7490 3513 7907
1363 8518 2551 9336
1399 3707 1658 4053
0 0 1371 795
1704 1805 1873 2009
4174 6331 4388 6699
7475 5485 8238 7115
5487 2503 6417 5112
6417 3776 7280 5415
3065 2219 3753 4102
3277 4103 3744 4646
3845 7540 4531 8669
2551 8375 3153 9161
8238 5928 9032 7640
2470 1180 2824 1301
865 2397 1351 4513
9057 6096 9999 7042
6083 1196 7010 1764
4209 550 4748 931
1371 0 1825 795
6495 8419 10000 8813
2409 1301 4116 1339
0 1524 466 2210
9082 621 10000 2169
4116 975 4760 1458
2924 1339 3055 3655
3153 8197 3845 9336
5487 659 5765 1095
8304 8813 8857 9324
7280 4062 7886 4702
0 5510 703 6366
6637 2634 8175 3694
3753 2219 4093 4825
6292 5415 7475 6382
1392 6100 2409 8518
4383 1954 5373 2761
4093 3854 4678 4755
737 6003 978 9003
7161 8827 8304 9851
2306 2179 2906 2532
6195 6382 6766 6784
1525 1050 1877 1805
1099 9604 3883 10000
4512 9269 4908 10000
8801 0 9590 558
1962 4401 2375 4986
5486 309 5487 5112
4908 9269 5502 10000
1676 3655 3065 4401
9358 7317 9967 8060
3883 8669 4512 10000
6267 65 7578 696
0 6366 737 9003
8547 558 9082 3422
3780 91 3822 143
9076 5344 9981 6073
1877 939 2409 1663
466 941 1511 2109
978 6697 1392 7787
3110 5470 4019 6230
2206 0 5266 81
2055 5095 2791 5497
4585 8056 5238 8606
1825 0 2206 795
2409 7487 2569 7703
3055 1458 4163 1997
3001 4825 4377 5470
9279 3289 9980 3813
7010 1169 8264 1765
4678 3854 5339 4277
3055 1997 4378 2219
4984 2769 5296 2955
0 2210 162 5510
5844 6809 7463 8005
8401 5333 9076 5920
2206 81 3511 664
2409 6576 4174 7487
5487 1765 7727 2503
2744 6336 2982 6576
4685 4281 5486 5052
9082 2169 10000 3289
4377 5112 6292 6278
8264 639 8547 3003
162 3360 835 4182
1978 1663 2445 2060
2629 7907 3845 8197
0 9003 1099 10000
2445 1339 2924 2179
8743 4671 9669 5263
162 4519 1577 5217
4166 1468 4732 1921
2429 4604 2902 5078
7727 1765 8264 2634
