4249 8654 5245 9990
2090 7903 3804 8364
8312 7300 8872 8649
7265 5963 7420 6184
6582 3120 6996 3569
7462 5885 8167 6721
7836 2892 8180 3191
5292 4930 7767 5421
5120 5959 5954 6479
8522 5589 9110 6172
7147 4071 7985 4926
7398 1053 9522 1889
2601 2587 4452 3488
0 8370 2607 8478
2476 363 2899 877
9022 2260 10000 3207
9231 4035 9539 4383
0 8478 538 10000
4704 3528 4961 6852
4512 1096 5041 1597
2302 4534 2635 4835
5053 734 5687 1151
734 9640 3814 10000
5245 7994 5568 10000
2803 1237 3207 2137
596 4127 1779 5374
0 2860 419 3332
4013 3620 4704 3926
3840 0 5853 614
2607 8364 3804 9338
2899 156 3228 528
2217 4970 3181 5705
5568 7998 6111 9034
7050 8649 8172 9485
1142 562 1592 990
9522 924 10000 2260
5120 3255 6258 4144
538 8478 734 10000
419 2860 2601 3230
1088 6552 1335 6760
736 8564 1197 9640
1383 7252 2090 8370
7414 164 8346 1053
7631 9486 8161 9984
4011 3926 4454 7427
2461 3230 2601 4534
9225 700 9463 1053
5037 7481 6162 7994
5185 6548 5974 7481
6258 3609 7147 4930
9137 5058 9477 6805
6648 5429 7265 6820
4568 8018 5245 8648
0 2246 1105 2860
5063 2275 5120 6852
5120 5421 5954 5959
6162 7299 7039 9088
3390 5230 3749 5745
1779 4257 2084 4718
3752 3857 4011 7004
6192 908 7049 1782
4427 1597 5441 2275
9085 8417 9557 8701
284 1808 797 2246
596 3230 2461 4127
2099 1261 2356 1495
5974 6394 6441 6868
3691 72 3840 441
8872 6805 10000 8417
7398 1889 9022 2892
4480 614 4721 868
5471 4144 6257 4859
5189 617 5306 731
9748 3207 10000 4989
7398 3207 9748 4035
5163 2826 5706 3255
6266 2921 6582 3609
5853 5 6835 908
1197 8478 2607 9640
3814 9145 4249 9872
1899 5351 2199 6103
409 483 1138 1145
8229 9819 8491 10000
892 1145 1836 2062
3703 7004 3972 7129
1836 1621 2803 2062
511 7721 817 8072
4452 3280 4866 3528
5954 5421 6648 6394
1432 2588 1863 2860
4961 2275 5063 6852
5120 6479 5974 6548
4454 5472 4704 6635
3585 3488 4013 3857
3758 826 4427 2004
4452 2708 4961 3257
2601 3488 3585 4267
2090 7427 5037 7903
0 6713 463 8370
1105 2062 2803 2587
3228 64 3668 1379
604 5374 1059 5790
8974 8784 9411 9607
2635 4267 3752 4970
2705 6900 3664 7385
9463 0 10000 924
7052 6899 8302 8649
1059 5374 1854 6403
7147 0 7398 4071
8172 8649 8974 9819
2356 1129 2803 1621
68 3761 596 4606
7091 322 7147 466
4550 6852 5185 7420
5441 1971 5965 2527
2259 5705 2419 5843
9477 5253 9987 6750
