6779 4337 7298 5250
8617 4837 9127 5526
6011 2507 6887 3130
656 4644 1495 5138
2785 4927 3763 5610
5824 7812 6567 8743
5393 6508 6582 7495
3689 9402 3944 10000
31 5343 820 6088
4621 9009 5248 9920
4900 1042 5472 1518
3130 740 4052 1732
3851 4935 4746 5621
6898 1620 8190 2104
4669 5972 4881 6311
3998 3997 4879 4219
8759 7785 9268 8020
8190 1072 8636 2104
9304 8719 9901 9308
5393 3432 6779 4846
0 8880 2288 9220
5935 8902 7734 9623
7298 3098 7979 4395
2917 4834 3132 4927
9962 4837 9994 5328
7298 4395 8617 5202
9558 2173 9975 2969
134 661 617 998
4641 1275 4889 3997
5393 4846 6776 6508
11 8479 3365 8880
8457 6333 9642 7785
3365 8268 3689 10000
4277 6686 5393 7495
8636 1329 8859 1819
3714 8181 5666 8320
7291 2689 8360 2981
4253 1275 4641 3997
8238 6785 8284 6843
8211 6843 8457 8898
3944 9402 4546 10000
2545 2858 3491 3310
8211 5526 10000 6333
6776 5250 7611 7234
824 7804 975 7977
7272 7431 7716 7878
7611 5661 8211 7431
6183 14 6975 696
1336 5138 2767 7227
1266 3420 1817 4374
316 4554 612 4932
3253 66 4202 740
3352 0 4202 66
2745 7266 3714 8268
28 1927 440 2827
0 1015 740 1529
4900 0 5569 351
649 4411 1053 4623
3689 8320 4621 9402
4001 7062 4265 7212
8617 4146 10000 4837
1133 5159 1326 5429
2774 1732 4253 2858
7291 2104 8360 2689
9127 4837 9962 5526
2305 20 3253 732
2288 8880 3365 9220
3382 4223 4889 4905
8534 3033 10000 4146
5569 0 6183 1572
2921 6505 3668 7266
821 3825 1181 4184
7611 5202 8211 5661
4052 818 4900 1275
4900 351 5569 1042
3978 7495 5824 8179
2215 8292 2613 8465
6898 2104 7291 4337
5916 1626 6898 2507
4202 0 4900 818
6183 696 6764 1626
5087 8739 5204 8975
504 1529 1467 2078
3714 7056 3969 7769
7371 263 8918 1072
460 2107 967 2683
4889 2630 5393 6686
9642 7276 9755 7578
1963 9220 3294 9803
1704 7228 2745 8292
4889 1572 5916 2630
8360 2125 9558 3033
6582 7234 7228 8901
7979 3098 8534 4395
6237 3135 6838 3432
7291 2981 8360 3098
2270 2020 2774 2833
3668 5625 4277 7056
6764 1072 8190 1620
