7159 5289 9139 6988
5258 765 7984 1758
2087 514 3380 3146
2988 3254 4710 4688
5634 8241 7386 9060
6528 6676 7159 6988
2030 9357 3911 10000
6020 3956 6230 4466
2088 7406 3240 9357
0 0 1829 3869
2161 6526 3899 7406
5792 6621 5954 7494
0 3869 1251 5216
1829 521 2087 2793
4014 5784 5395 7713
2218 3159 2334 3193
5954 6988 7693 8241
3911 5602 4014 10000
1829 45 4372 514
2567 5762 3508 6516
4014 7713 5059 8680
0 5216 1233 5868
6163 5275 7148 5837
7383 2303 10000 2828
9144 4094 9999 5495
9778 9879 9983 9989
5395 5786 5713 7586
1318 6786 2088 8993
5756 5856 6999 6621
8543 7531 10000 9421
8827 0 10000 2303
6230 3455 6389 5259
0 8993 2030 10000
2334 3146 2988 3517
0 7189 599 8476
7693 7296 8084 8045
3240 7406 3911 9357
3380 2851 4217 2997
3380 2099 5541 2851
4503 0 5258 2099
4429 5440 4553 5784
3840 1140 4503 1998
3495 4688 4422 5602
6389 3455 7697 5274
5541 1758 7383 3455
7701 2828 9098 5289
9098 2828 9830 3616
599 5891 1311 8993
7984 0 8827 2303
1251 3869 2624 5502
5258 0 7984 765
1593 6521 2161 6786
