607 5653 2540 6687
8785 2690 9268 3568
2200 870 3603 1393
1863 2977 2913 5589
2941 1450 3661 2884
9057 7949 10000 8706
8896 3568 10000 5230
2253 2891 2431 2977
7380 1016 7447 7912
3901 772 4333 1350
0 7950 1149 8106
7859 8910 8711 9408
5643 7160 6393 7809
1972 0 2737 870
6097 382 6527 726
6587 0 7955 1016
565 8106 1149 10000
4673 4736 6188 5886
5252 8823 6434 9884
4526 5917 6076 6688
4 5848 603 6651
4497 8999 4837 9241
0 6973 1131 7950
4727 7958 5132 8613
5593 9890 5765 10000
5765 9884 10000 10000
2946 2884 3663 3311
6434 8445 7364 9884
0 2601 764 2987
7364 8445 7859 9408
2650 5681 3965 7131
4342 566 5013 3625
7859 8445 9057 8650
9283 8706 9628 9884
8143 7953 8954 8445
7955 405 8429 753
1903 7912 10000 7949
1149 8332 1987 8959
1413 2501 2928 2826
7447 5863 8456 7197
7859 8650 8711 8910
1131 6687 2561 7764
1149 13 1952 981
5013 744 6587 1165
1506 3275 1860 4833
8711 8706 9283 9589
9628 8706 10000 9884
6131 5946 6369 6193
1541 9298 1939 9917
3965 6688 7112 7151
8163 753 8785 3568
38 4472 642 4657
6434 7949 8143 8445
577 3 1133 469
7364 9408 8061 9884
0 2987 1506 4472
9268 2631 9983 3568
7884 7492 8390 7890
7447 5230 10000 5863
8163 3568 8896 5230
6748 3129 7380 3822
7447 3204 8163 4383
721 4976 1392 5600
1149 7764 1903 8332
8061 9408 8655 9884
1667 1393 2773 2501
3693 12 4835 566
7447 1830 8135 3204
0 8334 539 10000
5013 1165 7380 3119
2773 1393 2941 2501
5132 7949 6434 8823
7447 4383 8163 5230
835 981 1667 2109
3292 7203 5622 7885
2879 8974 3595 9303
8456 5863 10000 7912
1939 9303 5252 10000
3662 1568 4031 2079
1852 1142 2163 1390
5382 39 6097 740
8655 9589 9283 9884
0 6687 1131 6973
2561 6620 2639 7138
2913 3625 4667 5310
