3933 5203 5184 7711
330 7776 4374 8300
7258 523 9196 2116
793 3346 5477 3599
5938 5602 6968 6235
0 2048 785 4573
330 8300 3346 10000
5594 1901 7257 3319
5944 8211 6236 8474
7863 4643 10000 5833
4990 8815 5884 10000
7863 5833 10000 7007
1515 2458 2200 2942
6642 9285 7106 9431
3933 4415 5477 5203
7257 2116 9516 3762
3038 0 5594 2168
7257 3762 10000 4272
7540 7461 8257 9322
4601 2579 5454 3287
5477 3998 6968 5602
6682 7461 7515 7738
3829 2168 5442 2527
71 254 897 2048
5945 7 6624 319
4374 7711 5153 8773
5884 9501 9964 9995
9582 7007 10000 8668
8257 7007 9582 9493
928 0 2648 2453
4892 3599 5477 4404
9516 252 10000 3762
9184 40 9931 252
830 3679 4883 4393
6514 7748 7514 9251
3059 7006 3764 7572
5594 460 7258 1883
1784 4887 3933 7006
5184 7153 5616 8055
57 4573 1578 5896
6968 4272 7863 7461
2648 982 3038 2452
1784 7006 3042 7776
6216 3319 7257 3998
9582 8860 9815 9230
7870 4272 9745 4643
2031 4624 2644 4887
55 7727 330 10000
5477 3319 6216 3998
556 5896 1784 7776
3346 8797 4254 10000
