2354 0 3714 705
8524 1281 9777 2534
4249 9788 6176 10000
1585 1580 2677 2102
3714 526 4265 1077
4602 4806 6420 6335
2990 6685 3757 7452
1585 705 2756 1580
6851 5588 7525 6609
6719 7810 7822 9164
6276 8018 6719 8735
2102 454 2354 705
7822 5468 10000 6118
2557 7644 2917 8362
3136 5741 3812 6416
8027 8563 9374 9628
3385 1319 4301 2235
5499 8018 6276 8579
5822 6691 6719 8018
1850 8716 2739 9807
9374 8809 9923 9908
2074 4499 2642 5067
4640 1834 5725 2919
2014 6453 2557 8004
1034 7849 1850 10000
6925 6962 7312 7349
1025 6610 1439 7023
6427 2611 7946 3371
7220 0 8070 768
0 2921 626 3550
8718 8152 9056 8563
5499 8735 6444 9680
6764 3840 9091 5468
245 8880 1034 10000
5905 1706 6287 2088
4640 2995 6420 4806
6444 9164 7652 10000
5956 100 7220 1327
7525 5468 7526 7810
2739 8362 2740 10000
3489 4216 4257 4983
8990 2969 9654 3632
50 7023 2014 7849
0 1966 825 2921
0 5596 1164 6610
8118 409 8489 955
6601 1532 7877 2611
4985 7539 5499 9788
8489 0 9970 662
2677 1920 3250 2493
4141 0 7220 100
6719 7349 7525 7810
3152 9687 3816 10000
5590 7051 5822 7514
5598 6335 6236 6691
7526 5468 7822 7810
1612 6359 2004 6750
9056 8152 10000 8563
2917 7452 3943 8349
0 3550 1137 5596
8489 662 10000 1281
7822 6118 9805 8152
6544 5468 6851 5775
0 910 1585 1966
577 598 889 910
2740 8667 4534 9687
7652 9628 9374 10000
825 1966 1190 3484
7822 8152 8718 8563
4534 8080 4985 8979
6420 3546 6764 5468
6764 3371 8990 3840
3757 6839 4007 7258
1190 2102 2677 3484
1137 3484 2293 4062
2677 2493 4640 4216
