4990 6355 5367 7365
3029 2679 3491 3048
3796 727 4024 955
8755 6375 9396 7316
9184 1942 9277 2035
1744 7813 2467 8573
0 7313 2730 7609
532 6730 985 7182
0 3565 2133 3604
8052 7905 8504 8807
2314 3060 3973 3382
1044 2431 1432 2819
654 7970 1076 8391
1458 3604 1818 4872
7473 8006 7797 8457
2356 848 2682 1361
2965 7419 3503 7956
4451 6570 4510 6628
9392 3302 9972 3881
5690 8564 5953 8826
9188 0 10000 725
8439 9599 9644 10000
5569 3004 5991 3425
4252 2634 4899 3280
9818 1630 10000 3302
2622 2349 3029 3060
8001 7610 8262 7868
0 4836 734 5275
8947 2120 9147 2319
9078 4502 9808 5738
1771 5259 2297 5785
8044 512 8415 882
6772 2195 7296 2969
419 890 710 1201
3009 7956 3325 9819
4062 9162 4467 9566
8176 4598 9078 5312
8023 5312 9078 5341
7296 2710 7643 3328
5596 0 6427 515
7462 9447 7846 9831
328 5747 942 6405
5391 9531 5783 9879
9479 6485 10000 7005
8530 2567 9143 3042
32 8856 380 9496
3325 8657 3911 9243
0 5275 328 5837
8457 5738 9808 6375
0 672 340 1280
780 829 928 976
2186 5967 2391 6171
2730 6344 3450 7419
8105 2319 9418 2567
3925 7365 4564 8250
3166 630 3796 1516
7909 3667 8023 5474
6981 8845 7846 9447
2297 5259 2996 5967
7296 1412 8042 2479
1167 3015 1536 3513
6859 7610 7473 8845
9808 3881 10000 6485
5367 7247 5893 7773
7909 2938 8023 3667
3260 2291 3649 2679
8594 5341 8949 5695
6361 9588 6948 10000
3973 2864 3974 4580
1578 2121 1861 2403
6084 7367 6859 8142
7643 2479 8103 2938
698 8537 1406 9244
2107 8573 2591 9057
3126 4596 3883 5353
5926 9060 6981 9588
5402 2535 5865 2997
734 4872 1501 5638
340 0 913 829
1818 4107 2090 4378
2011 1361 2622 2403
8439 8807 9702 9599
7080 7026 8755 7610
5169 8085 5660 8855
3416 9323 3839 9772
9203 725 10000 1241
4530 4858 5457 5081
873 1195 1526 1847
7853 5474 8314 5934
5465 1090 6151 1775
2996 5213 3103 5319
8540 1737 8901 2148
913 180 1338 605
8674 3837 9339 4502
2133 3437 2577 3881
6356 8142 6859 9060
5424 8855 5793 9223
6387 2969 6897 3843
4878 0 5596 879
1233 6571 1976 7313
5169 5377 5893 6355
3838 8250 4510 8653
1861 1195 2011 2403
7332 3328 7909 4027
8042 1400 8540 2319
5893 5377 6084 7870
4530 5081 5169 6355
5942 4168 6014 4239
5169 7773 5660 8085
8103 2567 8487 3446
3883 3382 3925 8250
6897 2976 7296 3374
1501 4872 2996 5259
6084 8142 6356 9060
6462 2464 6734 2735
2779 3382 3385 3941
3925 4580 4530 5500
0 2910 1167 3565
2682 56 2959 2125
6014 3843 6916 4486
7577 901 7770 1094
3974 3280 4854 4022
8487 3042 8674 4598
80 6477 532 7239
8519 7718 9653 8807
2090 3941 3883 4596
4569 902 5344 1676
8023 3446 8487 3923
8450 6722 8755 7026
710 976 873 1760
2959 0 3166 1516
1338 324 1770 998
4564 7365 5169 8285
2034 127 2197 289
4530 4022 5455 4858
3669 2145 4252 2864
4012 955 4569 2102
5455 4147 5934 4626
2011 1195 2356 1361
4510 6355 4990 7365
0 1760 873 2910
394 4427 803 4836
380 8964 618 9202
7797 7868 8052 8112
1807 2906 2133 3565
1536 3294 1807 3565
7846 8807 8439 10000
2591 8435 3009 9103
5660 7870 6084 8564
9506 1630 9818 1933
1076 7609 1744 8537
7797 8112 8052 8379
1432 2403 2209 2906
2959 1516 4012 2145
6767 5035 7446 5841
3450 7031 3638 7219
6084 5261 6767 7367
9396 7005 9852 7460
5457 4890 5944 5377
3325 9243 3416 10000
4115 9879 6361 10000
803 3687 1458 4841
3963 8653 4403 9093
873 998 2356 1195
9230 1241 10000 1630
6630 5124 6767 5261
