3260 9139 3820 9748
1988 737 2545 1584
5889 5632 6194 8881
8521 2953 9913 4344
981 6704 1714 7573
7860 5871 8187 7246
0 5300 1041 5848
6227 2699 7000 3472
5234 261 5912 1152
8664 0 9964 695
9450 7389 10000 8534
2545 1116 3071 1642
6194 5531 6824 6702
8187 6235 9198 7246
9625 6678 10000 7389
3656 8226 3876 8445
3876 8087 5161 8881
2474 5632 2904 8044
4607 7487 5207 8087
1809 5160 2365 6118
0 5848 981 6863
3820 8882 4838 10000
0 3885 1577 4477
383 7480 981 9688
7860 7246 9450 7547
2195 8482 2904 10000
4993 3351 5478 3835
821 2572 2257 3412
4794 0 4915 4072
6222 7600 7196 8924
2365 5304 2582 5520
9533 5613 9756 5835
1973 1642 3277 2572
0 0 1408 438
6824 6504 7860 7600
1041 5180 1577 5716
5553 5786 5889 6125
206 6863 973 7480
2257 2572 3115 3430
4853 4072 5514 4778
4258 2202 4483 2427
4838 8882 6057 10000
5478 3034 6227 3472
9071 8977 10000 9936
7534 1981 8034 2480
3656 8881 6222 8882
7691 5078 8485 5871
8318 7867 9450 8757
7813 0 8664 1135
9596 5944 10000 6642
1714 6725 1944 6954
0 4477 719 5300
0 438 873 2572
2694 5342 6108 5632
3834 3196 4121 3483
2586 3430 3834 4528
8318 8757 9071 9371
1181 8520 2195 9136
4915 0 6039 261
2597 8044 2904 8350
8569 7547 9450 7867
1140 438 1408 705
2904 7588 3656 8945
719 4477 961 4718
7554 104 7634 184
7084 3619 7869 4345
7196 8907 8318 10000
4113 4778 6108 5342
6824 5544 7376 6096
4267 759 4794 1533
264 7480 383 7599
0 3118 821 3885
5292 2342 5532 2581
6039 90 6645 532
1408 0 2628 702
1471 7573 2474 8482
5912 532 6232 851
4915 1152 5383 1619
3277 0 4267 1689
1972 4528 2604 5160
981 9136 2195 9137
5532 1152 6227 3034
6316 4314 7084 4979
873 1114 1973 2213
6232 532 7741 1966
5514 4166 6108 4759
9071 8757 10000 8977
3404 7173 3820 7588
7084 4345 9916 4865
981 7573 1471 8520
1577 3412 1809 6704
6057 9222 6511 9675
7084 4865 10000 5078
2904 8945 3820 9139
2904 5632 4823 7173
4823 5632 5553 6399
981 9137 2195 10000
6316 3472 7084 4314
7196 7796 8318 8907
6108 3472 6316 5531
8529 9371 8648 9490
