4839 2323 5406 2889
5783 7986 6152 8354
3570 5454 9217 5816
1079 3481 1426 3828
0 1854 1368 2817
3610 1925 4188 2502
4933 0 6210 1448
7250 867 7945 1562
6562 3063 6563 5453
0 8168 532 10000
1745 4784 2291 5329
3436 853 4280 1564
7066 7934 10000 8180
6046 7259 6676 7889
7119 404 7383 668
532 7655 1542 10000
3780 7774 4068 8061
2647 4932 3285 5569
8860 2266 9234 2639
8103 482 10000 2266
9496 5911 9775 6190
4698 6970 5783 8187
5772 5816 7040 6712
4216 5816 5772 6970
8989 6273 9854 7138
2341 5628 3168 6455
3285 5453 10000 5454
2534 8651 3562 9928
3277 7677 3765 8651
3765 8061 4402 8792
1625 6186 2341 7162
2817 853 3436 1854
7135 6849 8403 7934
3562 8792 4402 10000
765 6688 1370 7293
6210 0 6682 361
1550 0 2817 1354
6563 3063 7528 5105
6857 1562 8103 2344
1521 2896 2735 4110
6076 1725 6857 3063
0 2817 1079 4664
2735 2896 3516 4932
8457 3841 8918 4301
4722 3099 5794 3995
5335 3995 6562 5453
459 0 1550 635
0 7293 4698 7655
6563 5105 10000 5453
0 635 1550 1854
0 5891 138 6158
4850 4804 5203 5156
4335 3995 5335 4804
7066 8180 9132 9776
8403 7138 10000 7934
6255 8099 7066 8910
1368 1854 3610 2896
1542 8191 2534 10000
4402 8187 5045 9293
3801 6052 4216 6466
3352 63 4933 853
7528 3798 8457 4990
3516 3191 4335 4009
138 4664 1377 6104
7040 5816 8989 6849
