7127 987 7826 1686
6396 3627 6748 4100
6594 1686 7234 3045
9441 2809 10000 7452
4068 8190 4720 8691
7007 4470 9440 4909
0 6245 506 6956
1617 0 2785 2042
6997 7543 7298 7907
505 2849 1858 4626
1554 7065 1919 7429
4398 1037 4852 1358
0 2152 579 2753
5240 3440 6197 3918
7298 6894 8018 8259
1858 3934 2606 4893
669 4626 1242 5199
8018 6218 8496 7648
1477 4893 2081 5497
4805 9440 5071 9705
4049 7730 4510 8190
506 8179 2243 9436
5244 5069 5566 5390
509 5769 1640 6899
3909 2389 4519 2999
5943 4100 6748 4115
7234 1840 8345 2951
3792 4651 4359 5785
3398 8691 4386 10000
7568 3805 8443 4470
5095 200 5676 808
1324 0 1617 2849
4402 0 5095 1037
5462 3918 5943 4357
2688 6279 4651 7183
1821 6201 2679 7027
6423 2874 6594 3045
2691 2957 3027 3292
6412 0 6423 3045
6423 0 8044 944
4359 5011 4708 5501
1858 3494 2299 3934
186 258 1299 1507
4386 8691 6430 9440
3646 7183 3877 7414
6231 2755 6412 2990
2785 304 3126 690
5847 2998 6187 3338
2289 2656 2691 3418
3115 3319 4164 4421
6748 3627 7568 4115
9441 7452 10000 8369
7679 8281 8887 9042
0 6956 506 9436
6197 3045 7126 3627
8044 0 9063 944
3051 4843 3792 6279
2243 9177 3398 10000
7040 9042 9440 10000
7293 8259 7679 8645
1919 7027 2470 7921
9440 0 9441 10000
0 9436 798 10000
6430 9439 7040 10000
4359 5646 8391 6218
5014 7946 5508 8439
9441 8369 10000 10000
5943 4115 7007 5047
8018 7648 9440 8281
579 2119 1223 2849
506 6899 1417 8179
7654 4909 8391 5646
2606 3875 3115 4384
7826 944 9063 1840
1417 7374 1547 7503
1299 393 1324 417
1640 5497 1821 7065
9063 0 9440 4470
2243 7921 3398 9177
8391 5344 9089 6218
4421 1358 4648 1585
3256 306 4189 1238
0 3756 505 4291
4965 1821 6231 2998
8496 6818 9326 7648
7679 8259 8018 8281
