6639 7716 7255 8598
6085 2833 6241 3471
8290 5390 8819 5919
7337 6564 8153 6789
1536 8633 2998 9437
5233 7195 5823 7784
3225 1453 4096 2323
7916 9062 8235 10000
5153 1558 5465 1870
2629 2516 3430 3350
932 3379 1274 3721
5597 8545 6386 9274
620 6766 1426 6994
4765 0 6802 16
7288 1639 8155 2639
2181 2485 2629 4022
6980 8598 8361 9062
6871 5226 7212 5566
2403 690 3225 1817
2767 9587 3985 10000
8483 8050 9075 8612
5597 7784 6185 8545
8442 105 8923 708
9184 2898 10000 3884
6810 9062 7916 9615
70 5139 952 5581
6686 6145 6767 6224
2181 4149 3976 4537
3430 2659 8791 2833
4224 5328 4690 5794
3417 4537 3976 4994
7337 5822 8153 6564
2998 8816 3446 9263
2629 3836 4657 4149
7930 2833 8638 4208
6514 2300 6873 2659
1274 3688 2181 4897
1417 143 1939 767
2896 5369 2990 5462
2178 9437 2767 10000
5219 3812 5857 4126
6085 3471 7409 3812
1939 0 3850 237
6830 9615 7717 10000
6967 593 7885 1582
5870 917 6967 1807
4206 6262 4844 6931
7255 7473 7620 8598
448 9560 1394 10000
236 3738 950 4305
8391 7518 8757 7883
8165 4750 8290 6074
106 2936 245 3074
4914 1105 5149 1339
8165 6074 9084 6959
3892 3337 4254 3698
6241 2833 7094 3471
6926 4595 8096 5226
7409 3553 7930 4595
442 549 1072 1250
8153 4750 8165 6789
7885 593 8341 1049
9033 7090 9583 7639
7721 218 8442 593
421 8806 675 9059
0 0 1072 549
8361 8612 9901 9172
52 5581 566 6088
3976 4418 4349 5164
5870 1807 6053 2659
8165 6959 8368 7162
8165 7162 8759 7518
3825 7639 4750 8133
5903 7082 6639 7784
6143 3812 6327 6327
5313 3169 6085 3812
1313 9236 1536 9560
5108 6982 6767 7082
1274 3013 2181 3688
4349 4611 5562 5328
5465 523 5870 2659
4368 4149 5030 4611
8348 8001 8483 8135
1699 8433 1880 8614
9084 6076 10000 6615
620 6994 1148 7522
9273 5433 10000 6076
1426 6840 2105 7850
1271 2239 2045 3013
7797 6789 8165 7292
3446 8378 4112 9587
8235 9172 9256 10000
3522 7000 3606 7083
5062 3898 5219 4055
1074 9232 1313 9470
8155 1885 8791 2520
2629 1817 3225 2516
702 6179 1289 6766
7620 7857 8141 8377
6053 1807 7288 2300
4590 1300 4914 1654
9720 2492 9860 2632
4112 9205 4447 9545
6001 34 6802 917
8669 3400 9154 3884
8879 3884 9753 4514
2105 6728 2659 7584
4657 3521 5062 4149
6386 8598 6980 9062
8483 7883 10000 8050
2629 3698 4657 3836
8638 3884 8879 5390
3605 5164 4200 5728
4844 6724 5108 6987
9002 4514 9911 5289
353 2335 1043 2952
6802 0 10000 105
1394 9560 1532 9697
0 3786 236 4236
6767 5566 7337 7407
1720 4897 2139 5315
8791 1852 9720 2898
4975 8046 5597 8462
245 2952 1271 3074
0 9342 448 10000
5423 16 6001 523
2369 237 2639 507
5062 8462 5597 9425
2139 4994 3976 5164
5062 9425 6810 10000
8759 7139 8928 7307
7034 3875 7409 4331
6907 7407 7217 7716
1417 767 1752 1102
8096 4208 8638 4750
9084 6615 9916 7090
5638 6327 6722 6982
8512 708 9214 1211
4209 8133 4562 8486
6327 4108 6926 4706
8155 1211 10000 1852
4046 0 4765 435
30 6738 620 7522
2659 5462 3522 8378
5062 4126 6143 4611
408 1427 1271 2300
1426 5315 2105 6840
1880 8126 2275 8633
5857 3812 6143 4126
0 3074 582 3738
4562 8462 5062 9878
1072 385 1417 909
3985 9587 4562 10000
