1603 4078 2276 4742
0 1741 308 3014
3355 6743 4425 7763
7411 2203 7558 4349
5154 9240 7636 9676
7992 5138 8972 6029
3607 9676 5944 9834
7712 795 8262 1344
1537 6267 2329 6949
9007 1279 9697 1969
3147 3320 4170 4343
8314 8073 8973 9570
9459 8816 10000 9570
308 2906 876 3689
6637 4512 8972 5138
2041 1739 2642 2452
2341 2611 3147 3775
6942 189 7712 1493
7827 9834 8920 10000
3388 1079 3719 1409
4763 0 5899 167
3147 2065 3810 3320
6041 6998 6527 7484
5427 8024 6084 8573
705 1863 2041 2552
9459 8113 10000 8816
2655 8878 3607 9690
5528 167 6942 2380
9510 6614 10000 8113
543 1049 1121 1626
0 9834 7827 10000
6714 6291 7409 6986
5089 6029 8972 6282
0 483 543 1740
2355 0 4162 1079
8486 0 9007 1969
247 7664 938 8354
5426 8573 5627 8773
8973 8113 9459 9372
5671 8573 6299 9240
1187 7337 1337 7487
7962 7922 8314 8273
431 5658 2329 6266
7558 2349 8486 3086
2676 7259 3355 7763
4785 7484 7535 8024
872 52 1474 654
5789 3573 6565 4349
5627 8573 5671 9240
247 6266 1187 7664
2379 7763 3977 8082
8244 6320 8761 6837
1920 2832 1973 2885
462 4622 1308 5467
2329 6222 2728 6621
3977 7784 4637 8561
1410 1156 2041 1863
6565 2752 7411 4073
8920 9570 9491 10000
0 8427 490 9089
3810 1697 4240 2127
8486 3317 9075 4349
1786 5212 2233 5658
1187 6266 2329 6267
2642 1079 2866 2611
4785 7246 6041 7484
938 8170 1867 9198
0 1740 1410 1741
9112 7716 9510 8113
5796 2380 6393 2850
8017 7305 8138 7426
500 2463 705 2667
3281 8082 3723 8523
8333 7583 8824 8073
4134 2596 4553 3015
3579 4467 4240 5128
2866 1409 3810 2065
1690 4742 2040 5091
4425 6282 6041 7246
5658 5376 6271 5988
876 2552 1629 4059
4162 197 4552 586
8972 4512 9279 6156
3723 8082 3977 9676
9590 6446 9758 6614
5944 9676 8920 9834
0 3014 308 5008
7558 3086 8486 4014
4240 4349 10000 4512
7409 6282 8104 7305
9075 2578 9829 3331
7233 1493 8486 2203
4240 878 5528 2482
3183 9690 3328 9834
7874 2203 8021 2349
4513 7246 4785 7517
3303 5775 4228 6699
5766 4512 6637 5338
4584 5737 5089 6242
8972 6156 9279 7716
5008 167 5284 443
9279 5177 10000 6294
4240 4512 5766 5376
0 5008 247 8427
8486 1969 9075 3317
