1857 8353 2233 10000
8759 2288 9743 3271
8388 8453 8914 8979
6731 8892 7591 9752
9079 4333 9488 4742
2196 1868 3187 2858
9054 7602 9297 7844
4200 8217 5166 8810
7675 7436 7997 7737
9297 5830 9791 9837
5154 3171 7259 5009
4632 1265 5260 2102
2392 5484 2774 6164
3201 3155 3983 4719
9638 0 10000 1009
6315 5009 7067 5704
5423 6948 5478 7002
5261 1619 6243 3171
1213 9211 1857 9855
6315 5704 6953 6512
8808 6909 9297 7356
72 4849 472 5248
3519 4857 3965 5302
908 463 1405 2103
721 7514 1826 8728
1405 261 2547 1868
8338 4742 10000 5830
4741 6241 5423 7729
7956 7071 8322 7436
4353 8810 5166 10000
5932 0 9638 1009
5674 5009 6315 8410
2494 0 5932 261
5166 8410 6142 9572
5287 568 5932 1619
6464 7024 7620 8180
2156 7842 2667 8353
6243 1009 7546 2036
1071 2268 2196 3179
4632 568 5287 1265
4632 261 5932 568
6396 8716 6713 9033
3350 1868 3875 2644
2233 8810 4353 10000
3675 8217 4200 8479
3983 3070 5154 4520
6875 2036 7614 2775
4632 2102 5260 2949
151 1681 908 2059
5287 5843 5674 6230
2478 3666 2883 4071
0 0 2494 261
7067 5176 7726 5834
7546 1009 7614 2036
652 3179 1516 4043
5260 1265 5261 3171
2547 606 3059 1118
9791 5830 10000 10000
2547 1118 3875 1868
3875 261 4632 3070
8456 7356 9054 8246
0 5248 1839 7081
3037 6758 4741 8217
1839 5757 2392 6656
721 8728 1213 10000
7614 1009 10000 2288
0 7081 721 10000
0 2059 652 4849
