1685 5523 2232 6386
8962 5942 9292 7850
2800 975 3609 1784
8408 6557 8962 7110
7756 9379 8450 10000
5132 1424 5684 2781
3940 8990 4013 9063
8344 4043 9706 4890
5805 8339 5995 10000
8424 2013 8841 2430
2429 5523 2693 5787
2387 6719 3150 7482
9472 9785 9819 10000
5653 4036 6632 4526
9706 4020 10000 4488
6975 5262 8025 6095
2676 4772 3163 5259
5796 7094 6257 7421
7954 1010 8424 2508
6488 0 8419 364
3427 8244 3905 8721
345 2152 951 2758
6068 4526 6738 5928
8958 1558 9258 1857
2308 8178 2726 8844
3395 4848 3565 5017
7176 6878 7698 7572
3876 3165 4125 3413
761 3862 1200 4367
3409 2781 5711 3165
9825 4725 10000 4966
0 5722 322 7128
7504 8108 8052 8502
5455 8339 5805 8881
4584 3322 5109 3847
4820 7853 4896 7929
8432 7802 8809 8179
7371 364 8017 1010
4802 332 5564 1424
2232 6650 3150 6719
3486 5487 3678 5678
2232 7482 2726 8178
3675 4343 4959 4984
8863 0 9488 525
5711 3028 6180 3497
2726 7482 2727 8844
1583 4213 2354 4767
345 1999 4375 2152
5455 8881 5805 9231
7263 4213 7937 4809
7195 3671 7737 4213
1200 3769 1583 4533
1027 1412 1199 1583
7458 1158 7799 1499
0 4367 739 4992
689 1707 1043 1999
952 6009 1239 6296
8344 3493 8895 4043
5564 0 6488 824
6805 6095 7761 6878
5737 2164 6361 3021
8628 9215 8902 9489
3194 9814 3307 9927
271 144 892 765
6938 6878 7176 7595
6070 8087 6419 8435
3150 6650 4245 7482
4858 2541 5132 2781
0 551 237 1929
227 7128 1036 7936
739 4367 970 6009
4375 1424 4908 2361
6738 3757 6975 6095
2232 5787 3091 6155
7567 8502 8128 9063
1583 3844 3744 4213
9292 5987 10000 6974
8025 5181 8331 5791
4004 2361 4523 2781
1685 6386 2232 8081
7937 3623 8344 5181
8490 2430 9193 3007
538 8956 836 9254
1953 5049 2676 5523
7668 2917 8210 3381
4245 7421 6938 7694
5342 7694 5988 8339
9488 0 10000 1185
2071 3587 2328 3844
9488 1185 10000 3215
1246 5049 1685 6699
5564 824 6046 1366
9292 6974 10000 7400
7504 7776 8432 8108
322 5358 739 5941
7948 7471 8260 7776
4013 8244 5062 9305
8331 5454 8510 5656
6027 9676 6310 9958
5699 5816 6068 6185
970 5380 1246 5856
8991 7850 9524 8382
6727 8502 7567 9885
8432 8382 9670 9215
4192 9305 4751 9864
5062 8645 5455 9228
8052 8108 8432 8502
2308 8844 3258 9641
3211 5017 4065 5487
3510 3558 3581 3629
4523 2441 4858 2776
2232 6155 3517 6650
7868 2174 7954 2260
5486 3497 8344 3623
5995 9274 6298 9676
6223 3021 6265 3061
5767 3623 6473 4036
6298 9274 6654 9630
6361 2010 7868 2498
0 0 271 551
1383 4767 1636 5019
8419 0 8863 548
5355 3400 5486 3530
2727 7482 4245 8244
1878 0 2800 1999
5538 4994 5911 5367
2693 5259 3211 5787
5684 1366 6652 2010
3609 712 4802 1424
5995 8837 6727 9274
1635 8178 2308 9936
1636 4767 2676 5049
1379 9029 1635 9285
4908 1424 5132 2541
8687 548 9488 1464
0 4992 322 5722
4214 5185 4951 5921
237 765 1199 1412
8510 4890 9249 5942
6361 2498 7037 3173
6068 5928 6738 6836
6938 7595 7504 8163
0 3577 761 4367
1199 1032 1878 1931
0 1929 345 3577
2812 2732 3409 3329
3744 3486 4584 4343
9292 7400 10000 7850
3521 215 4019 712
7482 2508 8298 2917
6473 3623 7195 3757
