9055 0 9252 2519
5058 8405 5906 9190
3656 6853 4555 7127
907 6351 1546 6990
7346 6104 8301 7058
5014 5248 5318 5551
1861 9102 2156 9396
6624 7058 7928 7868
4117 7127 4438 7448
6021 7793 6516 8654
9169 6239 9805 6875
6707 963 7022 1277
3592 7846 4194 8467
6752 1812 7334 2394
3222 4080 3831 4828
884 5922 1244 6282
1273 3140 1871 4491
5889 2476 6061 4020
8912 8903 9204 9451
3387 2828 4882 3289
4882 2172 5327 2834
8509 8995 8912 9497
5906 8654 6251 10000
1091 2337 1607 2942
1871 3156 2221 3506
7256 8203 7560 8515
4685 4145 5551 4717
6021 7176 6624 7793
8722 2519 9350 3146
9063 6920 9805 8186
2110 0 2844 941
0 2380 1091 3061
920 3061 1273 3413
7022 0 7576 1812
5355 5953 6193 7176
4939 6578 5355 7185
3354 8184 3579 8457
5977 4378 6461 4725
3934 2096 4882 2828
3498 1320 3862 1684
6305 9639 8113 10000
3219 6797 3632 7210
3831 3891 4672 4558
2723 7711 3354 8970
6439 3529 6969 3938
1607 2212 2071 3140
3059 3969 3222 4656
3310 2379 3653 2721
3949 8518 4292 8987
2071 1948 2634 2972
1546 5914 1935 7185
7560 8374 8301 9158
7571 3758 7996 4608
928 941 5579 1093
3131 6222 3965 6797
526 9077 876 9426
5626 5708 5872 5953
1300 8282 1396 8346
811 4283 1141 4613
5889 4020 6061 4021
5103 4717 5552 5166
1655 1541 1980 1865
868 8346 1396 9077
0 8045 305 10000
9252 1406 9964 2214
919 7008 1327 7416
0 7406 916 8045
5978 665 6211 898
0 3935 615 5089
5888 2476 5889 4021
5648 4021 6061 4378
1586 0 2036 228
615 3413 1273 4067
6193 6387 6467 6882
6990 9568 7685 9639
3949 8987 4148 9186
6439 3938 7113 4378
3081 5311 3644 5993
6467 6442 6670 6644
9050 9451 9724 9904
7180 5707 7306 5833
4808 6578 4939 7448
9633 5138 10000 5550
3494 1787 4112 2096
8083 2562 8224 2702
9370 2810 9610 3049
4555 6638 4808 6890
2995 3581 3383 3969
4672 3731 4939 3998
6061 2774 6544 3049
4747 388 5949 758
7996 2702 8720 3973
1744 4782 2720 5758
3949 9190 5243 10000
6259 4725 7909 5208
8373 1500 8744 2062
5243 9190 5906 10000
449 6234 757 6542
4516 5981 5114 6578
615 4067 791 4243
6497 4400 6547 4449
4292 8518 4792 8946
9805 5550 10000 8186
5327 2476 5828 2976
2897 5861 3081 6044
1133 228 2110 814
3632 6797 3656 7448
6990 8930 7544 9568
7113 4352 7571 4725
8073 0 9030 943
6251 8864 6990 9639
9140 8186 10000 8903
4563 0 5949 388
5765 7176 6021 8110
4851 3421 5144 3714
7429 2430 7917 3017
9209 4093 9947 4830
3936 3289 4538 3891
1935 5970 2398 7283
5513 2087 6164 2476
8113 9568 8221 9675
5227 7185 5765 8261
8738 6517 8917 6695
7113 3855 7571 4352
5144 2976 5888 4021
6073 4725 6259 4910
8744 1381 9055 1691
5765 8110 6021 8405
2398 6372 3051 7679
6807 7961 7256 8864
6 6951 461 7406
7909 4830 10000 5138
8720 3146 10000 3529
5579 758 5968 1147
9252 0 9980 1406
2916 3184 3387 3581
9204 8903 9752 9451
615 4613 1744 5411
287 1730 621 2064
5949 197 6601 665
4194 8253 4460 8518
534 9826 668 9960
6516 8003 6807 8293
6164 2394 7429 2774
2678 4106 3059 4487
8344 8200 8596 8451
2398 5758 2897 6372
4849 8326 5058 8535
9112 3529 9588 4005
9980 307 10000 340
305 8585 868 9077
928 0 1133 941
79 1093 1516 1730
7685 9464 7860 9639
49 5411 806 6168
6061 3049 6439 4378
3965 5981 4516 6853
108 0 928 1093
6269 5208 6913 5753
3354 8467 3949 9871
4112 1142 5095 2096
6544 2774 7429 3529
0 2064 1091 2380
3574 7448 5227 7778
8541 6322 8675 6455
2190 1376 2591 1776
4460 7778 4849 8518
2984 4656 3222 4894
1396 8146 1640 8419
7576 1149 8373 2430
3644 5551 5355 5981
3471 2096 3934 2379
2844 166 3286 700
7872 5378 8287 5793
