527 5710 1743 6926
3645 6255 4100 6999
5468 5421 6289 8290
6264 4297 7044 5200
6264 2783 7025 3337
3057 7680 4294 8976
2245 1353 2682 1790
3462 3856 4203 4596
8367 618 10000 1312
2440 2881 2885 4497
7025 1264 7844 2946
8093 0 9094 618
4203 3398 4207 5072
8019 1938 8776 2694
9094 0 9835 618
4820 9454 5260 9893
3152 733 3895 1476
2885 2881 2886 6927
6264 3337 7273 4297
2487 6927 3241 7680
7929 1358 8099 1636
8162 7646 10000 9132
5786 4487 5965 4665
6436 6773 7104 7706
4454 347 4725 2239
4695 5072 5468 6636
4100 5072 4695 7416
2243 1029 2669 1353
1507 4078 1614 4289
8635 4118 9251 5523
7844 1636 8019 6747
0 4497 896 5089
4725 0 5414 3398
5414 0 6262 1083
6264 1830 7025 2782
8776 1312 10000 2988
6798 0 8093 1079
6392 8066 8162 8594
9835 120 9953 238
6436 5200 7738 6216
1799 7009 2409 7618
1970 0 4725 347
896 4497 1927 5633
1970 1790 3846 2881
548 2688 742 2881
3861 3798 3905 3841
9251 4252 9901 5553
6436 6296 6964 6773
7824 6747 8162 8066
1927 4497 2885 5786
4207 3398 5572 5072
7083 1079 7464 1264
8963 3571 9376 3983
1182 7245 1792 7855
8019 3761 8635 5910
9154 2988 9509 3342
3272 6350 3645 6723
4294 7416 5468 8633
6290 5200 6436 8066
1335 7855 3057 8976
7535 9327 8010 10000
8099 1312 8668 1881
957 3961 1168 4384
2886 5008 4100 6255
346 5089 661 5403
7104 7538 7824 8066
6263 0 6264 5421
0 3275 957 4497
5550 8290 6392 9131
5414 1693 6263 3272
9237 7386 9756 7646
3846 1476 4454 2239
1335 8976 4820 10000
6264 2782 7025 2783
6392 8594 8010 9327
2886 3710 3462 5008
0 2881 2236 3275
3846 2239 4725 3398
5572 3925 5873 4487
779 159 1970 2535
8010 9132 10000 10000
1614 3521 2440 4497
341 8873 1335 9866
0 584 779 1802
6289 5200 6290 8290
8093 750 8367 1179
