2045 0 3626 1097
3960 6706 4697 7442
2810 2278 3525 3300
945 2160 8490 2161
8022 3184 9975 5000
6141 732 6431 1022
4724 8891 8716 9665
7291 7112 7900 7720
5920 2547 6296 3193
2918 3766 3525 4643
8181 1056 10000 1904
2948 5089 3278 5419
1337 3175 2570 4360
3525 3978 3661 8405
6704 7720 8997 8891
2685 4643 2948 8405
6480 9665 10000 10000
6705 2161 7092 2497
2310 8405 3641 9303
4958 750 5574 1365
307 1097 2994 2045
2013 2379 2810 3175
4272 2572 5208 3978
2948 5419 3525 8405
5490 3918 6384 5459
8997 8355 9534 8891
9328 201 10000 1056
4506 4172 5107 4772
5348 6482 6719 7448
0 8118 560 8752
1536 6562 2002 7028
3525 2278 4272 3164
5327 5459 6097 6482
9206 5859 10000 6960
1143 226 2045 1097
2918 3300 3525 3766
7268 6211 7965 6786
3661 3978 4506 5125
8490 1904 9301 2714
945 2161 6705 2278
1344 8822 1693 9171
0 2045 945 3145
2570 3300 2918 4643
6296 2278 6384 3918
6384 2497 8022 4834
3626 94 4540 1007
5107 4198 5490 5236
6766 983 8094 2160
4640 5540 5327 6227
8836 8891 10000 9665
3525 3164 4272 3978
1050 2278 1337 7028
4540 0 6141 750
0 3591 1050 5444
9037 6960 10000 8355
3661 5125 4640 6706
2322 5440 2685 5803
1027 7028 2363 8021
8542 5000 9403 5859
7965 5859 9206 6960
7192 5714 7689 6211
0 9303 4724 10000
6097 5459 7120 6482
