8111 4926 8713 6128
3549 7339 4945 8410
721 449 1093 1193
1525 2223 3083 3583
4180 6314 5058 6609
1879 8499 3156 9758
1879 9758 3156 9895
7427 608 8116 952
4933 3608 6075 3916
3156 8499 4390 9895
2030 7530 2193 7693
5144 4288 5723 4866
6292 7547 6828 8642
8668 6373 9812 8005
0 9895 5295 10000
9812 7648 10000 9230
5058 5815 5796 7728
3549 5018 3996 7339
7314 3746 8111 5620
6173 2004 6756 2587
4091 1460 4377 1745
0 8044 1725 9895
9756 50 10000 2060
6372 0 7274 1273
3875 3354 3967 3535
4590 2838 4933 3717
7274 0 7391 3171
4640 986 5156 1737
8111 1873 8880 4109
2910 5816 3347 6253
2058 1461 2571 1973
3155 6253 3549 8499
8880 1131 9756 1924
4933 3209 5337 3608
9296 2893 10000 4081
3996 6609 4650 7263
7821 6428 8042 6870
9356 8005 9812 8889
6470 6747 7821 6870
4963 3916 5152 4010
3967 2887 4590 3717
5796 5965 6470 7547
3342 1419 3826 2386
6668 8642 7346 9817
2321 5179 3183 5816
6986 3729 7314 4244
6075 3380 6986 4244
7346 8229 7347 10000
3183 3527 3549 5816
7347 8229 9356 10000
4202 32 4509 339
2238 586 2877 1225
203 1314 1093 2251
5838 4435 6749 5620
6470 5620 7821 6747
3996 7263 5058 7339
2745 7316 3105 7675
8205 6352 8650 6796
1385 3583 2668 4866
4478 5018 5838 5375
1193 5720 1612 6549
8667 6128 8668 8229
5058 5624 5249 5815
2571 1225 3342 2223
8837 4832 9745 5928
5390 293 6372 1353
6749 4244 7314 5620
3552 3717 4933 5018
7391 952 8166 1801
9367 4081 10000 4832
4261 5375 5058 6314
6947 2957 7133 3143
453 4620 745 4911
4977 2849 5527 3123
4390 8996 4881 9487
9812 5593 10000 7648
4163 339 5156 986
8880 1924 9296 3475
6828 6870 8667 8229
3105 6253 3155 8499
507 6716 1525 7225
117 5769 1193 6716
5074 7990 6292 9207
5823 9207 6614 9987
9296 2551 9468 2893
4933 4866 5838 5018
1725 4866 1879 9895
4933 4272 5132 4670
5156 0 5390 2849
9745 4832 10000 5593
1093 455 2058 2146
6614 8642 6668 10000
2307 7579 2745 8036
8713 4109 8837 6373
