1231 1545 1795 1845
3871 5432 4198 5758
7472 5944 7844 6581
878 8083 1190 8395
3854 3796 4406 4347
9112 2903 10000 3193
3092 0 3890 739
9387 2804 9487 2903
8072 1124 8540 1591
8540 1495 9551 1863
4787 8823 5078 9566
8996 4058 9327 4999
8606 1863 8979 2111
6617 906 7184 1813
4972 2824 5348 3558
1837 8007 2217 8387
905 635 1231 1623
792 6986 1092 7285
3002 4139 3211 5542
8930 2971 9112 3152
7429 4481 7877 4928
2302 0 3092 651
3096 8954 3580 9437
1868 4603 2503 5489
7391 2902 7711 3415
7092 9212 7205 9325
7186 7237 7675 7838
0 4677 469 6849
159 6957 685 7483
7173 0 7656 467
1392 6365 1734 6824
8493 344 9199 1051
812 300 1139 635
7398 1863 8606 2854
1232 8387 2993 8716
7358 521 7821 984
5034 3584 5805 4328
9227 3193 9549 3514
4326 8187 4786 9396
6437 6498 6973 7033
3580 8754 4047 9396
1449 1276 1718 1545
4379 7901 4559 8081
9354 6625 9827 7098
5496 7258 5604 7365
2391 1527 3066 2278
7246 3415 8410 4161
1466 2501 2439 3112
2475 2703 3314 3150
7711 2854 7889 3031
3364 6391 4174 7648
8761 4732 8996 4967
1752 7522 2254 8007
6703 2787 7184 2957
7173 5078 7473 5429
7418 8517 7657 10000
8375 2860 8627 3112
3834 1153 4804 1916
3314 2597 3806 3859
1231 1845 1643 2500
5078 9205 5353 9479
2298 7811 2696 8209
3806 2520 5517 2824
5078 8187 6016 8964
316 1560 905 2148
0 2694 721 4677
5013 5786 5346 6118
6617 1813 7184 2787
1417 8821 2056 9531
2993 8618 3065 8690
9487 2572 10000 2903
1841 4087 2357 4603
7675 7497 8137 7959
6253 3650 7246 4302
4735 7496 5424 8187
0 8318 592 9250
5805 3458 6253 5130
6886 4849 7173 5136
8137 7384 8590 7950
8695 2256 9387 2903
4406 3558 5034 4049
9523 391 9976 844
8072 0 8484 374
5447 8964 5952 9974
9327 4574 9768 5015
1231 2500 2453 2501
6177 8031 6414 8332
6861 3481 7031 3650
1376 7719 1659 8002
7955 5226 8682 5643
4764 9566 5140 9941
6191 7531 6446 7785
6654 8532 7205 9212
592 8899 1417 9189
1554 4114 1763 4323
1734 6365 3364 6580
9061 3514 10000 4058
3890 0 4521 61
7401 5429 7955 5944
1734 6726 2434 7336
8907 4999 9301 5444
4680 4049 5015 4383
6253 4302 7152 4849
2503 4590 3002 6124
6654 7311 7165 7822
9199 844 10000 1495
8057 712 8216 870
5041 4328 5425 4711
1734 6583 1949 6726
2434 6580 3364 7434
6434 5548 7401 6114
5937 1939 6053 2054
469 5978 892 6401
3933 9396 4764 10000
242 2181 756 2694
5812 0 6322 1155
4964 5130 6886 5548
5424 7785 6615 8031
6078 2787 6703 3412
4388 2824 4972 3558
6414 8142 6581 8308
2865 7648 3535 8318
7656 0 8072 521
5517 2054 6076 2569
721 2850 1055 3183
365 0 812 742
487 5473 894 5880
771 4603 861 4693
3890 61 4521 658
2056 8716 2702 9361
3741 8296 4199 8754
8540 1051 9199 1495
8481 3471 8648 3638
592 8403 1232 8899
8216 374 8493 1124
9205 1966 9951 2240
7184 467 7358 3144
2453 2278 2878 2703
7223 3144 7391 3311
9301 5258 9584 5540
6962 9538 6995 9570
6581 0 7173 781
5908 1669 6125 1886
905 1623 1231 2850
7877 4621 8323 5226
4521 0 5281 739
8991 0 9361 344
9675 7098 10000 10000
1665 9859 1803 9996
6615 7033 6654 10000
605 9189 1373 9915
2995 739 5079 1153
7180 6114 7472 6405
5812 1155 6322 1669
9409 5969 9995 6554
592 8083 878 8403
5348 3385 5548 3584
0 69 365 1470
3951 1916 4951 2520
7401 5944 7472 6114
4047 8938 4326 9323
2073 982 2836 1373
6473 8308 6615 10000
2398 784 2596 982
933 5666 1213 5999
9022 7098 9675 7689
892 6124 3249 6365
6322 1107 6617 2787
7657 8886 8165 9496
4786 8187 4787 9566
6972 7838 7547 8517
8307 6991 8700 7384
629 7486 1376 8083
7205 8517 7418 10000
5507 5548 6434 6249
1139 118 1378 594
3217 2009 3806 2597
4762 6733 5496 7496
3002 5542 3377 5916
2394 4139 2846 4590
5517 2569 6076 3127
5952 9032 6473 9886
7776 8278 8022 8524
1868 5489 2503 6124
8169 5643 8426 5900
3211 3859 3854 4722
6076 1886 6322 2787
5079 782 5812 1514
6654 7822 6972 8532
0 7483 592 8318
9551 1598 9920 1966
4559 5553 5013 6127
1643 1845 2391 2000
2357 3150 3211 4139
1213 4603 1868 6124
1781 2000 2391 2500
6703 2957 7184 3481
9410 2240 9742 2572
