393 9508 864 9978
3636 1695 6087 1927
5339 6406 7082 6847
3696 6339 4713 7509
9038 8316 10000 9569
4713 6175 5339 7211
7600 3920 9329 4729
6087 1711 6482 2106
6463 7680 7065 8884
6421 4814 7082 6406
9472 9569 9833 9929
1010 7200 2351 8540
9643 6142 9972 6470
4825 331 7924 1110
7445 7690 8434 9441
8269 3090 9930 3920
1537 2597 1926 6276
1926 0 2345 1188
3280 8666 4460 9845
9153 0 10000 3090
8455 6716 9438 8034
6612 2304 7477 3172
4825 0 5282 331
3696 5496 4220 6339
6724 4148 7391 4814
5555 1110 7924 1555
2858 853 3636 2382
4220 4930 5466 6175
4957 1110 5555 1695
9587 6696 9982 7091
8766 1344 9153 3090
1387 2058 1926 2597
7477 2574 8085 3181
4732 7622 6144 8328
5573 5564 6421 6406
7082 6296 7697 6911
8391 4729 9329 6088
0 3828 1537 5563
4997 7211 6499 7622
260 5563 490 5792
3789 5348 3938 5496
7859 5137 8391 5668
2787 3819 4146 5178
8434 8034 9038 9569
6482 1555 7924 2304
4273 1927 4903 2556
2620 6771 3371 7521
1215 6276 1953 7014
5466 3920 6421 5564
0 0 1926 2058
7924 812 8766 1915
3693 0 4825 1015
9438 7091 10000 8316
8085 1915 8766 3090
1926 1188 2858 2347
9329 4171 10000 4900
5075 9424 6049 10000
557 2795 1537 3828
2909 5751 3696 6771
4481 3356 5347 4221
6049 9424 6074 10000
5633 3181 8269 3920
3598 3209 4013 3623
7065 6911 7445 8034
6074 9569 9472 10000
7745 6980 8455 7690
4460 8328 5834 9424
2345 0 3693 853
5488 6847 5896 7211
1926 2347 2497 2947
6445 8884 7065 9569
5834 8814 6445 9424
7065 8034 7445 9228
