9546 2950 10000 3928
5247 5265 5878 10000
3199 4442 5247 5750
2658 9039 3365 9746
596 3948 1163 4871
7044 4409 8213 5357
6275 3077 7006 3807
1923 5750 3365 7255
8863 2595 9750 2842
7260 5828 7712 6279
0 4871 1923 7255
1370 7255 3012 8022
9038 2842 9546 4242
7006 2777 7767 4409
7756 0 9135 857
7767 2595 8376 3919
7767 3919 8875 4409
7566 7346 8909 8688
1163 2765 2081 4871
5267 0 7215 985
8403 3122 9038 3919
2081 4632 3199 5750
1512 9746 3365 10000
0 8210 1187 10000
1751 0 2508 758
5912 6279 7712 7333
8953 4755 9240 10000
181 2765 898 3133
1188 8022 3121 9039
386 7255 976 7550
1187 7255 1188 10000
2861 2703 3412 3254
0 2004 1391 2765
5148 985 8043 1379
3365 6584 5247 10000
3306 3638 4844 4442
8043 1373 9265 2595
8213 4409 8875 5925
1751 758 3871 2630
9240 5265 10000 6737
0 0 1751 2004
8875 4242 9389 4755
5878 7333 7566 10000
8043 857 10000 1373
3121 7837 3365 9039
3012 7255 3365 7837
7712 5925 8953 7192
5091 1379 6658 2877
3871 0 5148 996
8122 8688 8953 10000
8376 2595 8863 3122
