6161 0 8163 1931
934 2651 2267 4801
9060 7617 9334 7754
0 2053 934 4627
8359 5228 8835 5969
8568 8302 9258 8694
6485 9524 8943 10000
5883 9524 6430 9875
3278 4674 6409 5431
2350 6428 5406 6710
8083 7052 8313 7166
8163 231 9380 1566
7172 7642 7315 7785
8472 6964 9587 7617
8835 4166 9396 6964
4529 5431 5406 6308
7089 8546 8568 9524
1102 4801 1366 5037
2540 4674 3111 5219
5406 5431 7306 7018
4964 7018 7172 8443
3278 5431 4529 6428
0 9190 5775 10000
5928 3247 6652 3970
7306 4981 8359 7052
2960 7719 4841 9190
934 2053 2994 2651
9380 658 10000 1529
2994 1293 3773 2071
3941 875 4207 1140
9396 4173 9531 6964
3111 4674 3278 5252
2579 4273 2942 4635
5903 1931 6493 2520
8568 8773 9030 9524
4817 2365 5614 3180
7315 7617 9060 8302
2423 7719 2960 8461
47 998 1640 2053
2921 779 3478 1293
2258 5252 3278 6389
660 8579 1271 9190
8697 5090 8835 5228
2994 2071 4817 2925
948 6157 1650 6571
1775 5416 2258 6381
7851 4505 8802 4981
8189 2654 9531 4057
1229 6571 2350 8051
2852 6710 4964 7719
5775 8443 7089 9524
0 7012 1229 8254
9531 1529 10000 6964
3068 2925 4817 4674
6409 3970 6550 5431
5200 0 6161 910
6550 4109 7306 5150
