8182 6055 10000 7591
1680 7927 2518 9451
5788 1553 6619 2278
2414 711 3708 1952
29 3836 1268 5075
637 6445 1056 6863
7452 4137 8007 4692
7380 585 8622 1982
3708 0 4126 1952
5403 2278 7525 3042
0 2324 1552 3659
1552 2057 2446 2950
6740 8937 7314 10000
4114 5766 4572 6223
7452 7591 8391 9288
7452 5975 8972 6055
1434 3729 2506 4800
8934 0 9364 316
6577 3321 6792 3649
5403 3064 5945 3606
981 1218 1621 1857
2717 2837 3675 3795
8988 1906 10000 2219
0 8627 1005 9860
8988 2736 10000 4272
5792 4926 6954 6087
4280 2171 5004 2894
7452 4692 8972 5975
3209 1952 3747 2490
3724 6384 5072 7884
2472 6149 3464 7141
0 6863 2472 7331
1005 8511 1680 9186
8622 726 9802 1906
7314 9343 7955 10000
0 0 3708 359
10 7331 2493 7927
0 1347 744 2324
7747 1982 8988 3222
1268 4800 3464 6149
7525 1982 7747 4137
3464 3881 4114 6384
7974 9288 10000 10000
5581 7789 6528 8736
5072 5178 5792 7789
26 359 1740 1218
6954 4024 7452 8647
4126 171 5477 1522
2518 7884 5311 10000
9186 2219 9704 2736
8391 7591 10000 9287
8972 4272 10000 6055
8391 9287 10000 9288
3806 2894 5403 3881
6792 3042 7284 4024
4720 4454 5444 5178
