1267 6554 1949 7432
1267 5911 1575 6554
7273 1335 8966 3768
8324 7005 9051 7822
9005 2440 10000 3808
8568 6014 9101 6755
3299 7029 4449 7720
9101 7556 9907 8006
5756 8262 6554 9032
3184 7720 3951 8306
3257 5730 3946 6135
1586 9204 5985 9411
2775 6135 4449 7029
7838 7847 8586 8594
9364 453 9835 1042
5985 9032 7371 10000
7669 5477 10000 6014
0 1822 2433 1939
6645 2183 7273 5232
5172 5219 6645 6009
5268 6009 6020 6385
1443 192 2459 1257
1085 2568 1678 3146
5299 5005 5726 5219
8586 7823 9051 8594
9494 6388 9675 6569
7146 7646 7682 8182
7669 5476 10000 5477
3701 5051 3932 5511
503 6769 1171 7102
2750 0 3750 665
5783 7150 6495 7861
165 9411 3242 10000
5239 6935 5783 7720
8188 3768 8828 5476
4629 6597 5105 6931
1949 6034 2775 9101
9101 6014 9494 7556
3711 1318 4333 1939
8991 1042 9606 1656
9243 5095 9730 5476
5291 787 5890 1386
4333 0 5291 1386
7273 3768 8188 4720
37 7432 1945 9204
5529 3772 6645 4888
8852 0 9364 1042
37 9204 1586 9411
2813 8306 3997 9204
52 3684 1032 4726
7682 7822 9051 7823
8585 9734 9055 10000
3257 2568 3701 5730
4449 6931 5239 7720
7691 8594 8988 9734
1267 5233 1575 5911
1575 5233 1949 6554
9364 0 10000 431
1032 4050 1708 4726
0 1939 298 3684
9038 9104 9662 9728
2459 959 3711 1939
4126 3175 5172 6050
5172 3175 5529 5005
4333 1386 5649 3175
6781 7933 6852 8004
6817 5363 7669 6214
1949 4653 3257 6034
2820 4268 3257 4653
9051 6755 9101 9104
0 6769 37 10000
1267 4726 1793 5233
0 654 1443 1822
0 4726 1267 6769
847 64 1443 654
8828 4056 9791 5018
4297 7720 5756 8949
6880 7756 7146 8264
6974 8391 7271 8687
2459 665 3724 959
7211 0 8852 1231
298 1939 4333 2568
3997 8949 5756 9204
3701 3167 4126 4601
