3771 9229 4732 10000
1368 3163 1790 3825
2987 6769 3726 8065
7705 7831 8422 8453
8793 0 10000 851
0 9707 3478 10000
5681 8526 6118 8962
1563 2208 1873 2551
2886 6393 2887 7475
7582 7830 7705 9233
7360 1034 7660 1334
5776 4013 6118 4424
8945 6079 9222 7830
2187 5690 2887 6393
1010 2771 1402 3163
6009 6367 6023 6393
5248 3529 5776 4804
3348 4870 3955 5477
7607 2240 9016 2850
4610 857 4911 1121
7081 2861 7257 3211
3835 8562 4502 9229
1277 6803 2369 7742
7660 6116 7751 6296
1357 5035 2187 5780
6152 6786 7453 7300
8793 851 10000 1063
18 6393 647 6605
4940 4804 5628 5491
3726 6481 3771 10000
5109 528 6136 2266
0 3958 1034 5086
647 6803 1277 7451
7034 6368 7453 6786
4914 4413 5193 4611
1873 1286 2328 2551
3110 3811 3600 4301
2376 4538 2687 4694
647 6393 2886 6803
1034 4694 1175 4834
3627 3654 4166 4200
503 3163 1368 3958
7336 1428 7694 2011
6136 528 6722 2266
6118 8526 6768 9233
8944 5228 8945 7830
9087 1063 9599 2850
64 8264 799 8998
4502 8607 5240 9229
7337 7830 7582 9233
3938 0 5109 857
7694 731 7695 2240
2115 7742 2369 8296
5687 8192 6000 8526
4797 6481 5254 7022
6722 1832 7190 2767
4229 6481 4797 6764
6923 0 8110 731
998 1348 1873 2208
4914 5625 5255 5966
7817 5228 8944 6646
7403 3701 7797 3899
2328 988 2495 4491
3937 7236 4446 7491
2980 828 3614 1461
1698 8296 2493 8788
2505 431 3447 828
3955 4434 4914 6072
627 24 1248 644
8972 5530 9521 6079
3478 9694 3726 10000
2495 828 2738 1861
1837 2551 2328 3041
6045 2266 6722 2756
7266 5135 7593 5462
3263 3522 3511 3770
2369 6803 2653 8296
9456 2867 9972 3897
2069 9326 2405 9662
9346 8810 9751 9215
8422 8050 8855 8483
9599 1063 10000 2867
1248 0 2201 1286
6045 2756 6344 4013
9222 6079 9521 6490
166 5780 2187 6393
2887 6329 6009 6481
4732 9233 8459 10000
9521 6013 9779 6323
2738 1461 5109 1861
2579 0 3398 431
5501 0 6923 528
4864 8101 5681 8607
6344 2756 6722 2800
1175 4694 2187 5035
7705 7830 10000 7831
2495 1861 2798 4049
7866 1826 8315 2240
5248 2266 6045 3529
2798 1861 5109 2234
6768 8526 7337 9233
8315 1826 9087 2240
7751 4757 7817 6646
3947 7491 4747 8119
3959 857 4478 1375
7227 7947 7337 8056
7453 6646 8857 7830
647 7451 1265 8264
3670 2309 4166 2810
2798 2234 3183 2922
7695 731 8793 1825
7695 1825 9087 1826
1265 7742 2115 8296
869 5344 991 5586
1790 3478 2091 3778
4167 2839 5248 4413
8349 2850 9456 4302
3322 9438 3537 9652
2671 8065 3444 8761
4460 6072 5007 6329
8459 8680 9028 9248
135 9336 876 9707
4166 2234 4167 4434
6000 7300 7227 8526
6915 3899 8180 4757
8180 4562 9419 5228
3447 42 3938 828
6118 4330 6191 4403
991 5264 1357 5780
6344 2800 7081 3735
2187 4694 3348 5690
3595 6072 4460 6329
5240 8607 5681 9233
1451 3825 2328 4694
2653 7475 2969 7791
0 6605 647 7832
3997 8119 4864 8553
8793 1063 9087 1825
