4397 8015 5604 9196
8485 1958 9267 2815
185 7357 1158 8329
7284 1639 8464 2229
1972 5618 2841 6564
3252 6100 4456 7303
7715 3814 9002 5139
5668 3334 10000 3653
5583 11 6792 1219
4983 1414 6021 3094
2108 7451 2615 8138
8413 8205 8858 8650
1971 5380 1972 9798
2615 7163 3161 8255
0 0 2918 1168
2841 6069 10000 6100
9276 4103 9900 4726
4430 295 4850 714
3191 7711 4115 9417
3161 7303 7736 7711
6150 5077 7034 5943
4605 3603 5668 5497
7626 2229 8180 2552
4115 9196 6214 9423
6251 4442 6887 5077
0 3602 1917 4418
9267 2599 10000 3334
0 7357 185 9798
2907 5122 4605 6069
7451 8650 10000 9301
0 6641 1214 7357
0 1168 1084 3602
1972 8255 3191 9417
7736 7381 9251 8205
1158 7357 1214 9798
4573 714 4983 3603
1214 5834 1971 8274
854 5037 1888 5834
5779 7893 6214 8328
6021 1865 6680 2524
3118 1544 4573 2999
2529 1464 2970 1904
407 5834 1214 6641
8014 5139 8522 5646
6214 7778 7451 9798
0 9798 7451 10000
1917 4391 2907 5380
9002 4726 10000 5835
7451 9301 9298 10000
4131 4649 4605 5122
1085 4418 1484 4816
9002 3653 10000 4103
1084 3202 1484 3602
4115 9423 6214 9798
2494 9417 4115 9798
