5354 7100 5746 7492
66 5268 498 5699
6911 871 7084 1043
3785 4100 4417 4769
1939 7955 3579 8505
9547 6111 10000 6988
3846 1622 3936 1799
9182 3612 9847 4276
1927 2524 2499 3096
1723 5741 2301 6319
7918 8693 9391 9859
586 832 1625 1871
3096 3054 3708 3917
7613 0 8740 963
5106 8301 5787 8641
5745 4773 6062 5090
3579 7244 4385 8049
8740 0 9694 671
4648 8791 7918 8917
1160 0 2499 705
9538 734 10000 2773
3345 8556 4648 9859
4526 7492 6583 8301
8740 671 9538 929
5198 2401 6294 2948
7244 8056 7918 8791
3708 3188 3947 3664
6670 8917 7288 9506
6227 3621 6716 4110
9554 6988 10000 9510
1434 8505 2528 9599
2515 882 3386 1535
9694 0 10000 734
1434 6982 1939 8505
3405 5090 7547 5996
5258 0 5432 2401
5091 5996 6164 6532
6583 6338 7547 7687
7547 5345 9029 7504
2499 0 3223 569
872 5741 1434 9859
8543 2086 8842 2384
808 0 1160 556
7485 3411 8538 4463
473 7757 872 8552
9029 5301 9354 5535
5432 1043 7167 2401
3936 391 5258 1987
8842 929 9340 2636
5184 4110 7456 4773
1895 705 1994 803
476 9859 8739 10000
1994 705 2515 1894
7918 8692 9554 8693
1092 4505 2857 5741
458 1871 1927 3392
9391 9510 10000 10000
18 3392 2857 4505
2857 4018 3785 4945
9029 5535 9547 7777
9340 1442 9538 1835
2830 1535 3078 1782
5746 6532 6583 7492
7418 8917 7918 9839
0 0 458 3392
0 3717 18 4747
1939 6319 3579 7955
9547 4276 10000 6111
8087 7777 9554 8692
7167 1004 8452 2289
5432 0 6911 1043
8564 1327 8741 1504
