247 2317 1648 2610
5336 4879 6905 5213
2976 7656 3484 8523
9218 2939 9810 4069
6792 7964 7013 8184
0 5820 432 6379
2956 5813 3732 6190
2431 3084 3129 3781
6817 3055 7671 3495
8300 184 8368 252
2674 9475 3412 10000
5835 6794 6624 7508
6938 8184 7421 9553
2511 575 3181 1261
2748 8523 3484 8889
1451 1104 2322 2026
9218 2064 10000 2939
1848 2459 2431 3551
0 4967 1020 5820
6709 9553 7367 10000
8533 6608 9154 7374
3586 5465 4540 5813
1549 9177 2458 10000
4729 710 5073 1053
5387 8510 5881 9064
8515 6137 8741 6363
2538 9317 2696 9475
1240 5811 1731 6755
3523 984 4102 1719
3181 726 4729 984
8157 2525 8775 3720
3571 0 4279 422
3412 9933 4032 10000
7027 0 7497 238
0 8078 842 9012
5186 2471 5522 3781
5835 6363 6624 6794
5073 528 5886 1162
4387 5021 4472 5106
3205 5504 3586 5813
4503 9472 5233 9837
3760 9725 4032 9933
5034 8073 5332 8239
601 5866 1240 6504
1310 8784 1980 9177
1014 0 1876 807
471 4056 726 4311
1731 6121 2727 7246
2786 4011 3382 4557
2530 3975 2786 4231
8623 0 9415 590
2322 1568 2922 2075
2727 6190 3381 6909
4985 3782 5766 4275
3672 6823 4227 8001
2585 8444 2748 8606
6068 1182 6550 1663
3381 6190 3698 6506
3585 8758 4662 9130
4869 1162 5548 1720
7816 7060 8312 7555
7560 4254 8028 5598
3016 0 3559 472
8312 6363 8533 8603
8764 4344 9271 5154
2792 7246 2976 8028
7040 275 7503 736
7695 5636 8958 6137
2297 2075 2474 2252
2504 2516 3416 3084
9154 6078 9903 7524
8700 8439 8828 8566
4266 422 4729 726
2458 9724 2674 9941
5928 9472 6709 10000
4227 8757 4662 8758
2032 430 2511 909
9415 0 10000 910
1133 1951 1204 2022
9810 2939 10000 4069
0 3631 471 4311
130 2857 905 3631
6246 7508 6247 8368
9271 4344 10000 5154
3131 4557 3642 5067
5034 8239 5332 8854
3841 9132 4687 9472
8226 1340 8706 1820
5332 8099 5743 8510
8028 4880 8764 5636
8868 1841 9052 2024
6247 7508 6940 7964
6661 3963 7535 4578
625 6504 626 7723
6062 4274 6661 4879
2762 8889 3260 9386
8028 4069 10000 4344
5449 5597 5745 5892
3559 422 4266 726
8446 9348 8857 9758
311 9012 1127 9580
7560 5598 7695 5733
7549 2193 7844 2487
4687 9132 5216 9472
4227 6823 4662 8757
1418 2087 1648 2317
5766 3782 6461 4274
8775 2823 9218 3265
6651 3495 7120 3963
1648 2026 1949 2459
5216 9064 6653 9472
1876 3 2549 430
1105 7392 1437 7723
3707 5110 4124 5465
5177 8854 5387 9064
3484 8001 4227 8758
4540 5155 5336 5813
8246 8603 8535 8891
7034 5293 7560 5925
7424 2487 8157 3055
3412 9132 3841 9725
34 7723 2432 8078
0 4311 1483 4336
2628 8028 2965 8365
7149 2845 7359 3055
6994 2142 7164 2311
3791 2638 4189 3035
5743 7508 6246 8368
9196 5154 9349 5307
4612 3189 4985 4275
4662 6957 5034 9000
7421 8832 8140 9550
4866 2832 5186 3189
7503 275 8024 736
611 0 945 245
4102 984 4729 1432
6850 2534 7424 2845
842 8078 1310 9012
247 2084 1418 2317
0 6699 625 7394
4174 2317 4388 2531
1980 8394 2585 9083
3260 9130 4662 9132
4661 4275 5336 5155
5881 8368 6938 9064
0 1881 247 2330
4037 5813 4812 6455
6402 123 7027 851
1310 8314 1577 8784
2976 7246 3444 7656
3321 1517 3523 1719
1416 2610 1848 3042
1768 5635 2254 6121
3769 6455 5835 6823
4812 6137 8515 6363
6624 6552 7266 7431
3258 3905 3328 3974
5462 5213 6011 5597
2922 1719 3918 2516
6940 7705 7117 7881
0 4336 1483 4967
6661 4578 7560 4879
2431 2252 2504 3084
4032 9472 4503 10000
7171 736 7550 1115
626 6755 1706 7392
4662 9000 4795 9132
8024 252 8623 590
7844 1820 8868 2487
5774 2177 6503 2905
5059 6823 5743 8073
3484 7813 3672 8001
1483 4295 2306 5118
9938 1979 10000 2064
247 1451 859 2084
4177 3752 4612 4186
5233 9472 5928 10000
2727 6909 3399 7246
2432 7246 2792 8028
7497 0 8024 275
5522 3220 6084 3782
4925 6823 5059 6957
8027 590 9082 1340
