1085 6050 1854 6980
7779 6454 8057 6732
9641 9562 9896 9816
5857 5805 6530 6479
1019 0 2654 1039
3449 7514 3623 8550
9299 3596 9886 4182
7960 4476 8507 5134
7916 1932 7960 5134
7691 5886 7868 6062
8558 5404 10000 5762
2349 4906 2686 5243
8921 4182 10000 4536
209 1468 3048 1767
7286 9583 7589 9886
3432 4899 3858 5325
281 6980 1960 8032
6980 0 8947 925
0 3242 552 6091
3447 4210 3658 4421
3241 2714 4324 3064
5678 3382 6190 4993
7318 7706 7549 7936
6634 7019 7620 7701
7553 925 7948 1319
0 130 209 2087
4897 3886 5678 4667
3720 3382 4246 3908
7057 4507 7110 4560
7960 3714 8921 4473
825 3595 950 3719
1265 2668 2082 6050
9532 786 10000 1337
2202 6935 2829 7548
166 6091 783 6649
8065 8259 8272 8465
9261 7195 10000 9562
5852 8849 6215 10000
9723 526 9984 786
1019 1039 1449 1468
4748 0 5640 1335
2932 78 3253 398
1264 9230 1697 9756
3623 7564 4434 8550
7009 6542 7487 7019
8701 4877 8834 5010
8988 9116 9261 9389
1854 6194 2415 6754
8921 4536 10000 5404
5189 1408 6566 1964
6530 5622 6817 7019
676 8480 1226 9030
2900 9051 3458 9434
803 9030 1264 9919
2274 2239 3241 3125
722 3719 1265 4183
6176 7738 7318 8849
9532 1337 10000 2104
5636 6479 6314 7329
552 5690 954 6091
9292 5762 9661 6130
8254 2289 9227 3262
7620 6908 8938 8259
7211 5134 8558 5886
2986 9434 3340 9787
8941 1796 9067 1922
6190 3767 7010 4587
5049 8880 5852 9948
4696 6753 5423 7514
3048 1335 5189 1767
6396 9192 7286 10000
3858 3908 4897 5519
764 0 1019 1468
5423 7303 5636 7514
9085 97 9134 146
4379 379 4748 748
2580 6371 3144 6935
6808 2831 7776 3767
4324 2714 6808 3064
2082 3473 2273 3664
6817 5775 7211 6168
7564 1319 8265 1932
0 2668 1265 3242
1541 1767 2758 2239
7589 8465 8657 10000
5538 6592 5636 6690
640 1767 1541 2668
4512 5519 6397 5797
8507 4473 8921 4877
7623 4283 7916 4638
5048 4993 6100 5519
3192 6457 3379 6643
2654 398 3887 1335
8947 766 9532 1533
2686 4566 3432 6097
1960 7548 3449 8440
3458 8550 4193 10000
5391 1964 6339 2697
5522 7966 6141 8585
3241 3064 6808 3382
6157 1203 6363 1408
5336 6451 5538 6753
4193 8550 5049 9478
4936 5797 5602 6451
3379 6097 4696 7514
2848 3789 3447 4566
6397 4587 7211 5622
2758 1767 3816 2239
5640 220 6980 1203
3816 1904 4626 2714
8657 9636 9061 10000
8099 3392 8422 3714
4434 7514 5450 8179
6510 7614 6634 7738
209 567 764 1222
6215 8849 6558 9192
5423 6753 5636 7303
2273 3125 2702 3598
