4678 5338 5879 6538
6103 6163 6829 6889
1098 6022 1648 6572
951 178 1370 523
6103 8645 7091 10000
1660 8936 3579 10000
1627 3421 3990 3662
6103 6889 7618 8645
0 0 1370 178
7397 1404 7508 1514
325 4923 2085 6022
6465 3770 7621 5961
0 3421 1300 3938
1379 7430 2627 8936
8998 8719 9825 10000
5902 698 6611 2318
5879 3455 6103 10000
1370 0 2039 523
3990 2420 5095 3525
8214 5206 8447 10000
0 178 951 2250
7807 274 8488 955
4146 8412 5473 9739
7478 8710 8214 10000
6611 0 7397 2549
2679 3662 5879 4589
0 6022 1098 8073
3547 2988 3953 3393
8578 2160 9456 3037
6947 2549 8168 3770
7621 4124 8703 5206
171 8073 1379 9327
3475 6804 4309 7637
4954 698 5902 1432
17 4217 687 4886
577 2408 2602 3421
4496 1432 5671 2318
1379 8936 1552 9109
4221 0 6351 698
864 3938 1300 4374
2164 3662 2679 5913
1300 3421 1627 4923
8703 4178 10000 7864
951 523 2514 1409
0 2250 577 3421
5095 2318 6413 3455
8447 9099 8998 9650
0 9327 1660 10000
2627 7637 4146 8936
1627 3984 2164 4520
7091 9131 7478 9609
5671 1432 5902 2318
8488 0 8751 2160
2859 4589 4678 6804
8751 832 9406 1504
