7346 7454 8387 7839
6999 6200 8755 6882
4280 6073 5130 6647
4710 7395 5305 8855
1104 2442 3122 3761
8755 6200 10000 7068
3681 2485 4296 2793
6974 4860 8271 6149
724 0 1733 1487
8706 1461 9550 4954
5130 5639 6441 6647
1733 0 2402 1001
4296 2699 5460 3824
8748 9309 9394 9875
6173 0 6406 2323
0 8198 1075 9270
5995 7395 6805 8597
1360 3761 1361 5642
5148 5326 6406 5639
5666 8796 8387 9486
0 729 669 1573
6974 44 8365 1494
3413 8768 3815 9170
8528 1264 8856 1461
7326 4378 7809 4860
601 6150 710 6258
0 2532 1104 3761
4045 7619 4710 8283
1075 9118 1841 9895
3122 2793 4209 5238
8856 1177 9306 1461
4298 8855 5132 9689
4209 3824 4370 4145
5130 4436 6020 5326
6802 5639 6805 7395
0 3761 1360 5544
1129 5642 1973 6486
385 6684 1249 7548
9550 2206 10000 3207
2707 1889 5243 1890
6490 8597 8246 8796
0 9270 1075 10000
5305 7395 5995 8164
9550 3207 10000 4709
3122 5238 5130 6073
3159 6073 4280 6634
8226 9875 10000 10000
0 7548 1740 8198
7967 6882 8539 7454
8512 3043 8706 3429
2376 8629 2791 9043
6406 3 6974 5639
1361 3761 3122 5263
2402 0 6173 703
2402 703 4583 1152
5460 2606 6406 4204
2707 1152 3676 1889
6805 5639 6974 7108
6805 7108 7346 7648
2644 6828 3776 7736
8271 4954 9765 6200
6710 9486 8226 10000
3776 6647 6441 7395
6441 5639 6802 7395
7243 7839 8387 8597
2427 5505 2837 5915
8387 7454 10000 9309
4349 4167 5114 4932
6805 7648 7243 8597
5305 8597 6490 8796
2707 1890 3334 2442
1733 1152 2707 2442
3246 7736 4045 8569
6406 0 10000 3
5243 1775 6075 2606
0 1573 1104 2532
