1088 4291 1492 5265
8923 2811 9186 3073
8139 7247 8278 7386
3840 2016 4492 3208
8382 951 8684 1252
9698 2699 10000 3255
3056 1866 3672 2482
1874 6775 2079 8753
476 4036 1088 4801
380 7399 978 8108
6977 9563 8123 10000
0 1380 1972 2021
2835 6953 3301 7418
3818 1139 4016 1367
8291 5836 8802 6347
6365 2458 6686 2779
8225 3130 8628 3533
7104 7656 7249 7801
4492 1550 4720 3936
2835 7418 3588 7492
0 4180 476 5023
5743 3309 5744 6843
2043 3214 2646 3812
3818 703 4229 1139
7763 4031 8089 4429
2129 9357 2505 9732
6636 8847 7145 9563
3402 6590 3996 7184
3827 3533 4084 3789
3476 683 3818 1367
7022 3748 7334 4060
1204 463 1508 767
4428 1216 4763 1550
6366 1451 7479 2139
9482 8001 9559 8078
2085 4841 2922 5393
95 2173 413 2490
4274 1792 4492 2016
2085 4077 2647 4573
3214 4246 3888 4521
9485 8078 10000 8921
4016 1139 4428 1792
2676 7492 2908 9381
1954 2925 3097 3214
979 7257 1417 7977
3253 5866 3412 6024
6343 4770 6363 8847
5946 9575 6404 10000
3234 9946 3330 10000
0 8108 968 8657
3412 5862 5273 6590
5209 8173 5799 8696
8144 9058 8548 9469
7090 7105 7384 7398
7082 4983 7757 5729
2260 1008 2484 1231
7249 7398 8117 8551
6559 4060 7457 4840
0 7522 115 7752
4480 8173 5209 8629
6543 9563 6977 10000
5592 6843 5844 8173
7334 3748 7457 4060
5927 4138 6559 4770
2241 4573 2367 4698
519 422 937 840
2672 3928 3112 4246
3059 5393 3412 5866
115 7392 353 7746
5688 668 6269 1248
6640 7111 7001 7555
4928 7438 5130 7639
2629 9381 6543 9575
1651 8753 2129 10000
6363 6326 6640 8265
7028 6683 7751 7105
737 2878 1676 3887
1889 0 2138 767
1138 767 1972 1380
7672 3490 8049 3867
6546 0 7542 1025
3196 1367 3912 1745
7457 4002 7763 4614
4900 2119 6217 2778
372 2656 519 2803
1972 1357 3196 1866
3865 19 4201 355
4636 4552 5743 5862
6686 2139 7269 2936
978 6138 979 8501
1676 3415 2043 4155
0 9127 968 9240
1651 8501 1874 8753
8924 994 9577 2371
791 2139 1322 2820
603 5265 1477 6138
8062 4429 10000 4869
2130 2511 3097 2925
3683 8204 4112 8632
4229 703 4370 1139
7269 2883 8923 2978
7763 4429 8062 5517
8548 9456 10000 9647
4459 0 5520 946
2138 549 2393 804
3818 355 4459 703
1322 2037 1799 2511
8667 1308 8924 1565
8548 9125 8912 9456
5520 0 5521 2119
7301 2415 7770 2883
257 9595 589 9926
3597 8632 4428 9334
9519 6559 10000 7151
3348 0 3476 1367
2646 3214 3112 3928
8041 1749 8845 2363
3112 3638 3682 4246
5844 7926 6025 8106
1104 3887 1421 4291
3412 5393 4636 5862
6640 5751 7572 6683
7756 5767 7984 5994
5521 0 5780 474
2922 4841 3476 5393
2908 8029 3588 8774
4720 1550 4900 3309
2984 4246 3214 4521
2179 7370 2445 7635
4720 3309 5743 3936
5159 7777 5592 8173
8906 7576 9277 7960
3347 2660 3840 3533
4428 8967 4766 9381
257 9240 968 9595
8208 2363 8442 2597
1947 2021 2553 2511
1417 7150 1874 8256
968 8501 1651 9607
7120 2978 7916 3490
445 8657 915 9127
3588 7184 3597 9381
7891 2739 7951 2798
1231 6711 1671 7150
2720 458 3348 1357
8062 4869 8899 5775
4428 8629 4766 8967
0 840 1138 1380
2412 5393 3059 6256
1492 4628 1602 4738
5653 474 5780 600
4766 8696 6102 9381
7445 8661 7829 9045
3097 2733 3347 2983
3888 3936 5076 4552
3476 4585 3800 4908
5036 2778 5950 3309
6102 8847 6636 9381
1396 2511 2130 2878
5908 3490 7672 3748
8834 9647 9461 10000
1602 4155 2085 6214
6792 4840 7082 5130
5844 6455 6343 7298
1676 3137 1954 3415
2647 4521 3476 4841
3856 4552 4636 5331
2079 7635 2676 8609
5744 3309 5908 6455
3840 3208 4337 3533
1671 6214 2228 6775
1628 8256 1874 8501
0 6138 978 7392
1508 0 1889 767
4370 946 4461 1036
2445 6256 2835 7492
1421 3954 1622 4155
5780 0 6546 668
8519 7422 8906 8196
225 3524 737 4036
8089 3533 10000 4429
9577 1284 10000 1937
