3497 170 4910 1689
1091 8226 5308 8914
1302 3940 1929 4567
7533 4157 8022 4890
8559 5258 9079 6022
4910 170 5165 1689
2458 0 9078 170
0 2005 565 2640
8373 7926 9015 8248
2089 1566 2952 2602
9637 3522 10000 8248
9053 1966 10000 3522
9079 5258 9637 7559
2664 4567 2968 4870
8022 3522 9637 5258
8022 6655 8506 7559
4641 9150 5162 9670
1302 4727 1660 8226
4653 1690 5095 5666
0 4027 1302 6730
232 6730 1302 8226
5095 1690 6467 3614
3426 2594 4653 3597
8081 7559 9637 7926
7523 7559 8081 10000
7136 1879 8560 2591
0 6730 232 10000
3701 9454 4092 9844
1660 5565 2143 6088
2042 1513 2089 2602
565 1513 2042 2602
3264 9090 3685 9510
1975 2602 2635 3037
5609 4943 8022 7559
1660 6088 2916 7948
2952 1726 3426 3110
305 0 2458 1513
1182 8914 1982 9713
5165 1008 5588 1430
4106 2306 4653 2594
8081 8248 10000 10000
2223 3110 3354 4172
4653 1689 7534 1690
6423 7730 7523 9930
3426 1689 3847 2594
232 8372 1091 9231
3847 1689 4653 2300
1036 3085 2223 3940
7534 494 9188 1879
3847 2300 4653 2306
6467 2195 6795 2523
