1552 2722 3168 3608
8545 7034 9054 7543
3955 4694 5860 5682
3168 1328 5407 3507
7057 461 9543 1075
29 8188 418 8576
4719 6559 5038 7636
7380 2654 9027 4708
9027 4583 10000 6085
5407 1328 6233 2755
1809 7232 3325 7991
7035 6377 8545 8824
7034 7344 7035 7991
8516 5856 8951 6085
0 6734 311 7303
359 5452 2503 6573
4799 5682 5676 6559
2503 4590 3719 5806
4629 4389 4935 4694
7320 5856 8516 6377
1488 7991 2693 10000
8162 8824 9054 9677
890 959 2533 2722
6232 4170 7035 5117
3679 7991 7035 10000
4472 3507 5358 4389
6002 7344 7034 7991
6003 5479 7035 7344
7057 1075 10000 1328
6002 2755 6003 7344
3678 7991 3679 10000
7035 1997 7380 5856
1022 5051 1821 5452
8865 0 9714 461
436 3918 1821 5051
9054 7034 9696 10000
2533 2495 2572 2571
1734 6573 2799 7232
7551 0 8532 461
742 6573 1734 7912
8681 6085 9771 7034
3325 6744 4565 7991
621 5051 1022 5452
2693 7991 3678 10000
3283 0 7057 1328
7380 5254 7729 5603
734 9143 1488 10000
9062 2737 10000 4583
4565 5682 4719 7636
4598 7636 4936 7973
9696 7034 10000 8590
7729 4708 9027 5856
6233 1328 8346 1997
5038 6559 6002 7991
1821 3608 2503 5452
3489 3507 4472 4461
