7072 4582 8561 4731
977 7880 2520 8071
733 0 1474 1206
4084 7360 4572 7847
7274 7931 8040 8779
6653 7346 6868 7560
3541 5145 4132 5736
977 8880 1120 9023
8941 7186 9763 8008
8612 2827 9115 3177
8974 0 10000 1206
7256 6033 7889 6568
602 2971 1453 4328
2904 3827 3466 4952
9787 2336 10000 5091
2384 1079 2893 1680
6862 9039 7646 9637
9011 5954 9482 6438
2535 4952 3541 6345
1668 4050 2904 4444
3497 8759 3811 9215
6735 8189 7254 8708
8569 9350 9561 10000
5894 4731 8561 4823
7907 6241 8674 7012
6422 5990 6574 6141
8152 2986 8510 4270
6450 4207 7072 4731
6483 1280 6746 1542
6501 3880 6828 4207
1066 5671 2535 6405
5129 4009 5794 4668
5702 0 6307 846
1712 7199 1786 7272
6009 9039 6861 9637
2163 7251 3216 7821
5976 4824 6839 5578
852 4444 2904 4449
3033 8759 3296 10000
5701 0 5702 2146
877 2022 1434 2579
6844 0 8040 377
1668 6405 1857 6568
7072 3636 7760 4582
3296 9386 3898 10000
5514 5578 6193 6233
906 2622 1127 2843
5022 2146 6137 2777
5702 846 6307 1514
4132 5031 4800 6590
8674 6131 9011 6468
9457 1879 9915 2336
1453 3535 2904 4050
5113 9637 7586 9865
6307 0 6833 1280
2893 650 3233 1786
9561 9350 10000 10000
3898 9865 7586 10000
2041 8071 2658 9359
6828 3880 7072 4207
4602 6833 5513 7743
7646 9081 8312 9352
5914 3461 7072 3880
8561 4481 9295 5215
977 9023 2041 10000
4620 4522 5129 5031
8025 409 8273 656
3965 620 4960 1978
9205 8926 10000 9350
7646 9039 9205 9081
3595 7847 4272 8671
279 4593 414 4728
9385 2621 9787 3458
7106 498 7464 855
0 7272 2163 7880
4960 344 5395 2146
511 7973 977 9706
7601 912 7935 1245
2520 7821 2654 7955
7838 1245 8687 1902
5794 3880 6450 4262
0 9706 977 10000
249 2501 720 2971
4800 5126 5463 5743
0 6840 271 7226
4851 6490 5076 6715
6193 5578 7221 5944
3136 7821 3595 8759
7808 9352 8323 9637
5666 5268 5976 5578
9129 6438 9931 7107
8612 1902 9115 2616
6861 9039 6862 9637
1910 2883 2672 3535
1474 209 1883 831
5463 5226 5614 5376
6149 8779 8937 9039
0 7941 511 9457
7254 7931 7274 8779
5077 7988 5450 8361
8612 2616 9115 2827
2658 7912 3136 8431
1714 2535 2062 2883
4272 8022 4903 9284
7638 1902 7901 2164
7907 3148 8152 3419
2836 0 3716 650
7221 6568 7907 7218
6868 7218 8148 7931
3610 3860 4620 5031
5478 4668 5894 5084
3480 2756 4194 3470
1509 4449 2354 5293
5894 4823 8561 4824
5135 5743 5514 6122
3716 0 5047 344
1512 1412 2328 2228
7372 5049 8051 5503
9115 2336 9787 2621
414 4328 852 5110
7221 5503 7752 6033
3230 6345 4039 7154
0 1378 249 3635
4941 2777 5914 3880
6217 2834 6844 3461
1883 0 2384 1412
5725 7291 6087 7653
1799 8430 2041 8671
1709 3193 1910 3394
64 6607 298 6840
2672 2505 3365 3197
8394 7530 8513 7649
8096 4270 8256 4429
9115 2660 9385 3475
6085 4262 6450 4626
5603 7653 6304 8779
4194 1978 4941 3618
5395 635 5701 2146
3716 344 4960 620
6598 1542 7117 1997
5602 6233 5603 8978
8188 2066 8612 2986
249 2971 602 4328
0 5721 279 6123
3811 9044 4272 9386
8510 3177 9115 3677
6304 7560 6735 8779
3811 8671 4185 9044
7677 1604 7838 1764
5107 8978 6009 9637
7935 656 8974 1245
3233 779 3871 2053
6833 855 7374 1230
215 5406 377 5568
7646 9352 7808 9637
9886 7938 10000 8107
2791 9683 3033 9924
6574 5944 7221 6969
7754 377 7934 556
7586 9637 8494 10000
4903 8361 5602 8978
7415 2164 8188 2654
