4724 110 5613 658
9109 8916 9601 9408
5201 5199 5550 5547
2858 8997 3335 9607
5613 110 6366 1117
7136 4565 8008 5275
1642 0 2365 538
5435 1512 5714 2070
1032 6693 1651 7312
3662 5852 4092 6281
8008 4150 8737 4787
4049 8702 4345 8997
4525 1922 5127 2697
1045 8606 1272 8833
1642 538 2365 1034
2001 1034 2369 1478
2211 5852 3662 6281
3554 3189 3759 3393
3335 9516 4268 10000
9486 4619 10000 5453
9600 5906 10000 6704
4797 3184 5474 3718
5661 7705 6417 7988
3418 3594 3780 4468
3199 8658 3666 8997
1954 4947 2211 6256
1106 9052 1790 9826
2067 2575 2570 4461
2623 9372 2858 9607
2832 554 3079 1559
0 4102 1092 5357
6413 4498 6501 4586
3932 1749 4296 2113
4151 7095 4268 7211
8356 500 8835 978
3078 1676 3365 1962
5611 9185 5900 9606
5700 3174 5737 5186
6886 1653 7407 2026
6495 6699 7018 7998
6417 4586 6495 10000
5737 3634 6527 4439
2570 4195 3206 4468
86 7394 364 8641
5900 7988 6371 8459
3284 0 4220 615
4268 6918 5315 7312
4201 931 4698 1428
455 3336 606 4102
1675 3508 2067 3899
1651 6256 2211 7119
3759 2697 4474 3138
9519 2780 9880 3370
364 7525 1017 8088
8835 267 9406 856
4307 4289 5109 5090
3214 2757 3759 3189
5451 8437 5452 8855
378 8833 1106 10000
4268 9637 4789 10000
7542 4096 8008 4565
6262 1117 6700 1554
5662 2366 6066 3174
4253 5717 4461 6281
6886 2026 7727 2659
86 8641 1045 8833
3780 3877 4777 4289
7534 3626 8004 4096
2412 9607 3204 10000
7834 2781 8278 3494
7018 2659 7019 10000
606 3336 1311 4041
9192 9644 9711 10000
4899 5547 5343 5981
2369 1321 2619 1632
654 0 1642 719
4173 3152 4741 3877
2915 3766 3206 4195
3248 6281 3802 7024
2641 2575 3214 3417
2230 8251 2789 8809
3953 1455 4072 1574
0 2295 455 4102
6448 2252 6865 2669
8089 8095 8634 8639
4220 0 6805 110
5003 7780 5661 8437
3547 958 3953 1749
455 2619 1477 3336
364 7394 3831 7525
7064 9276 7749 9961
5611 9606 6296 10000
3299 8443 3514 8658
9519 1865 10000 2735
4715 5090 4899 6418
7019 6723 7356 7967
5861 6724 6417 7705
7097 4120 7542 4565
3759 3138 4173 3594
6066 2480 6409 3004
3206 3635 3418 4274
223 6784 833 7394
0 6171 837 6172
9042 2682 9362 3002
9362 2389 9519 3787
2133 7761 2844 8251
4461 5090 4715 6281
4518 7705 4603 7789
4563 6550 4824 6909
7722 5564 7744 5585
6805 536 6806 1554
4253 5509 4461 5717
7019 9009 7323 9276
2083 4461 2570 4947
6366 147 6805 854
8044 7047 8972 8095
0 6172 86 10000
9504 7366 10000 8039
3079 1215 3547 1676
8737 4315 8810 4387
4514 2910 4757 3152
8724 9408 9192 10000
3892 5309 4253 5852
7783 5275 8126 5617
7244 8425 7930 9009
1477 1940 2067 3508
0 1694 450 2295
6409 2669 6852 3150
2844 7985 5003 7987
7589 7316 7783 7510
7356 6889 7786 7316
5019 1028 5267 1276
7786 6511 9164 7025
3780 4447 4120 4786
5900 9185 6321 9606
4345 8437 5451 8855
4824 6418 5155 6918
1245 5104 1954 5988
9164 5756 9600 6521
6495 5109 7018 6699
2570 4468 3742 5065
837 6119 981 6263
4072 1428 5127 1749
8473 6031 8954 6511
6805 0 10000 207
2365 8 2911 554
5695 5186 6417 6154
7727 760 8194 2781
2911 0 3284 554
6805 207 8205 536
3032 7987 3398 8352
2864 7525 3923 7985
3802 6281 4517 6729
4474 2697 5423 2910
8194 1246 8751 1803
5452 8459 6417 9185
7019 7967 8044 8425
5423 2070 5662 3184
5927 4586 6417 5186
3641 2254 4525 2697
7323 9009 8421 9276
2119 1876 2984 2575
5127 1606 5435 1957
6495 4753 6851 5109
4789 9201 5611 10000
8123 9578 8421 9875
8509 3494 9179 4150
9014 8187 10000 8916
6806 536 7452 1235
8421 8859 8724 10000
8278 3084 8872 3494
8004 3494 8509 3998
4345 8855 5452 9201
1810 1632 2119 1940
1731 8039 2091 8399
2619 1162 2832 1404
5315 7052 5734 7470
4777 3718 4953 3893
0 5602 620 6171
2619 1559 3079 1676
3335 8997 3905 9516
7786 7025 10000 7047
5438 4142 5700 4403
7930 8639 8421 9009
6243 1554 6886 2252
833 7312 5315 7394
2799 5065 3428 5757
3428 5168 3892 5852
154 5357 399 5602
