4862 6127 6593 6993
0 3043 1165 4183
4285 2065 4962 2741
4862 7894 5454 8486
4563 4300 5425 5161
1165 3533 1995 4362
8833 6693 9224 7084
3223 8219 4376 9230
7377 3219 8090 5297
6243 7655 7790 9326
6735 18 7319 601
5973 9326 6580 9932
8090 3219 9103 5522
4862 6993 5319 7894
3777 348 4657 1228
4376 7932 4862 8486
4376 8486 5516 10000
473 4183 1161 5265
5076 5237 5966 6127
3233 5697 4328 6273
1484 1580 2790 2487
3222 6916 4862 7932
7464 5297 8027 5859
7790 5859 7791 10000
756 499 1362 1455
3351 9230 4185 10000
0 0 756 2375
1161 4719 2893 6103
5425 4155 6569 5237
5516 7548 6243 9326
7268 7379 7343 7453
1362 0 2080 1580
0 8403 761 9922
0 4183 473 5907
8487 1102 9763 1991
0 5907 583 6103
583 5891 796 6103
3222 7932 3223 10000
2664 290 3418 1043
2801 6916 3222 10000
5319 7131 5737 7548
2080 0 2664 1580
6569 4173 7377 6127
7319 288 8487 1579
2413 3523 4563 4605
7238 2160 8298 3219
3283 2477 3965 3158
2413 3250 2686 3523
3271 7932 3559 8219
1525 6103 2733 7474
9763 1102 10000 3527
3281 5264 3945 5697
9103 3527 9784 4207
6883 3411 7106 3633
4830 1797 4961 1928
6593 6987 7262 7655
7791 7480 10000 9193
6705 3633 7377 4173
7916 9193 9084 10000
2733 6285 3365 6916
2893 4605 4212 5264
9065 1991 9667 2592
1995 2487 2413 4719
5647 922 6376 1651
9176 234 10000 1102
5903 3434 6625 4155
0 6103 1525 7659
2136 7474 2801 8433
