0 522 748 1708
7851 0 8205 1801
1631 9842 2433 10000
1631 9017 1941 9199
3885 39 5066 1115
3933 6978 5712 7535
9203 2745 10000 4829
4598 1673 6289 2899
6001 8543 6745 8914
4912 3872 5063 4023
8205 64 9078 1807
0 4506 424 5052
6098 3190 9001 4134
7488 1080 7851 1801
5806 7150 6341 7418
1862 819 2383 1710
2468 7772 3333 8637
4614 5797 5093 6275
4614 6275 5780 6978
576 2262 1121 2495
1631 9199 4263 9842
3862 2524 4443 2815
8890 8723 10000 10000
103 1799 576 2272
5145 9205 5521 9580
4772 5266 5061 5411
4481 2899 5554 3872
7178 4968 7645 5901
9001 2745 9203 8723
2263 1968 3502 3288
0 7535 5116 7536
9078 0 10000 1593
3579 5339 4614 6410
5712 7418 7135 8543
440 5973 768 6301
2906 230 3401 725
0 0 485 522
6897 5901 7615 7418
6747 5231 6897 7418
7615 7318 7989 7418
1597 5519 2063 5984
7135 8034 7136 10000
0 6679 497 7348
2962 6410 3933 7380
6289 2112 7162 3190
9268 7660 10000 8723
1327 5051 4449 5339
3542 1115 4273 1711
7136 8034 8889 9373
4273 1115 4515 1235
7645 4835 8439 5441
1917 3288 2408 3779
9203 4829 10000 5791
1121 2414 2237 3288
7570 9373 8203 10000
3933 6511 4614 6978
1557 0 2766 713
0 2495 1032 3795
0 7536 3769 7767
6289 1801 8163 2111
7989 7318 9001 7418
5717 301 6197 1244
2086 4075 2847 4836
3933 6410 4614 6511
725 1719 1121 2262
4449 4330 5763 5266
6289 2111 9184 2112
7744 5441 8267 5703
485 0 1557 522
4020 2815 4449 5051
8889 8034 8890 10000
2237 2505 2263 2657
2409 1033 3100 1724
5483 5266 6094 6092
1489 8256 1601 8367
8600 5445 9001 5914
5767 1244 6197 1673
7615 6562 7793 6739
2982 3641 4020 4678
6734 4134 7025 4425
4263 8848 4941 9526
7162 2931 7421 3190
630 8475 1308 8814
0 8814 1631 10000
5618 2899 6098 3379
748 713 1862 1719
7135 7418 8993 8034
8176 5914 8686 6405
4223 7536 5116 8331
6135 6022 6747 7150
9184 1593 10000 2745
6197 0 6488 1673
768 5984 2962 7535
6488 429 7488 1801
1121 1719 2263 2414
5093 5266 5483 6275
7615 6755 9001 7318
7871 6405 9001 6755
5377 317 5717 656
5116 7535 5712 9049
424 4836 4020 5051
1601 7767 2438 8569
