6070 4112 6901 5747
8274 1507 8881 1966
457 302 1646 1228
3353 942 4209 1693
3684 1693 3924 1933
639 7100 1548 8145
4472 1117 4473 1783
7360 8808 7708 9156
5491 5747 6328 6411
2914 2772 3183 3040
578 5102 1337 6016
6129 520 6772 2102
5442 5119 6070 5747
6796 2440 7610 3080
8559 456 8615 1507
1159 3306 1983 4129
2820 0 4057 351
0 1775 2152 1776
2132 3040 3233 4657
5106 804 5676 1609
167 6578 489 6899
1646 840 2531 1674
2152 1674 2449 1971
8109 1966 8870 2347
5982 7134 7873 7604
3233 3689 4016 4787
8740 5445 9689 6393
257 7018 639 8145
6435 7604 7101 8269
6772 785 7273 1285
1476 5960 2291 6775
9505 7681 10000 9152
740 4281 1473 5013
9405 6885 9926 7227
3574 9207 4684 9382
6365 5747 8097 6885
8097 5669 8520 7772
96 2449 515 2867
391 3207 1159 4281
2058 8824 2665 10000
5981 7134 5982 10000
8081 3548 8536 4003
4654 6151 5491 6881
4962 4083 5789 4496
4844 804 5106 1117
1255 9047 2058 9849
9023 2216 10000 3226
257 8145 814 8880
4209 0 4844 1117
7610 2457 9023 2889
9405 7227 10000 7681
4473 1117 5106 1783
6525 8435 7139 9049
7744 8479 9037 9772
4209 1117 4472 1783
8615 0 10000 894
2531 862 3353 1272
380 1228 1042 1775
7305 4855 8713 5577
6901 4112 7305 5084
5317 6881 5981 7569
4684 8885 5805 10000
257 6899 3159 7018
5676 0 6129 2102
3159 6824 3929 7593
4940 4496 5635 4954
4844 0 4921 804
4575 3542 4811 3778
9037 9152 10000 10000
4921 404 5380 804
7273 456 8559 1285
8520 6393 9025 7772
5577 297 5655 374
7873 7134 8097 7358
257 8880 1255 10000
5981 6885 8097 7134
8615 894 10000 895
5726 2102 6796 3080
3258 9067 3574 9382
2916 351 3443 862
7610 2347 9023 2457
6129 456 7273 520
1646 251 1995 600
3574 8843 3933 9207
9405 6393 10000 6885
8217 0 8615 456
9037 8119 9505 8635
2118 8593 2350 8824
3446 3061 4075 3689
7016 5084 7305 5372
3929 6152 4654 7475
0 6899 257 10000
1995 107 2555 840
351 5494 578 5720
8515 7772 9037 8479
7751 2889 8081 4855
2665 9382 4185 10000
4016 3778 4962 4496
9059 3226 9906 4072
3924 1783 4599 2501
6129 0 8217 456
9025 6755 9405 7513
2518 7593 4540 8318
6936 1285 7781 2096
8881 895 10000 2216
6630 3080 7248 4112
2665 8318 3574 9067
0 4493 356 4994
362 1776 1065 2361
7248 3080 7751 3777
