6970 3834 7880 5018
1564 8866 2150 9298
6004 6125 6738 7081
5131 5347 5145 6237
0 1201 1012 1411
9183 2906 9498 3626
3060 4386 3784 5109
7575 5018 8012 6149
2566 8101 3731 9395
4445 1488 5238 2486
1012 122 1978 1303
3833 5197 4367 5731
6057 8947 7957 9794
4242 3795 4805 4077
422 1534 836 1947
3398 2706 4390 3697
5566 7423 6192 8145
7578 1941 10000 2675
9183 2676 9337 2906
8547 8768 8903 9838
2667 6911 3784 8101
6192 7604 7899 8947
4791 6713 5339 7191
8870 2675 9183 2987
392 8094 1564 9739
7099 3613 7541 3834
0 3500 393 4059
9293 8290 10000 8904
2706 180 3491 1411
8903 8768 9293 9385
0 1411 7978 1488
6896 6276 7125 6680
392 9739 4167 10000
9603 3267 10000 6032
0 788 239 1201
8884 3287 9100 3502
4367 5347 5131 6713
5713 6116 6004 7423
4636 7191 5071 9274
5238 1488 6398 4077
1978 0 1979 1411
2101 516 2706 1300
2518 5731 4193 6265
5071 8145 6192 8661
1020 3618 1581 4178
5713 5823 6143 6097
2518 5109 3833 5731
392 5102 933 5823
6738 6680 7125 7604
2168 4135 2632 4599
8547 9838 9117 10000
1581 2298 3223 4135
6937 710 7267 1177
4390 2486 5238 3795
4193 5800 4367 6590
8012 6032 10000 6426
5131 6237 5145 6713
5231 75 6286 1373
7978 28 8874 1427
4548 6713 4791 6955
7957 7694 8547 10000
3046 6265 3995 6911
8547 8290 9293 8768
9498 2675 10000 3267
8875 1940 10000 1941
8874 0 8875 1941
0 3030 326 3500
1564 7938 2566 8866
8875 0 10000 1940
7267 466 7978 1411
4510 4077 6398 5347
7880 3922 8318 4796
9072 6426 10000 8290
7125 6149 8012 7604
1730 6115 2489 6585
9117 9385 9883 10000
3970 4077 4510 5147
5276 8661 6057 9523
3731 8242 4636 9140
5173 7191 5566 7975
1443 7100 2667 7938
3784 7602 4413 8242
0 4059 392 10000
5152 9794 7055 10000
7055 9794 7957 10000
5145 5823 5713 6344
5145 5347 7575 5823
5339 6344 5713 7191
4382 9274 5152 10000
3491 0 5231 1411
1979 0 2101 1411
6398 2540 6970 5347
8547 6426 9072 8290
1852 5449 2518 6115
9118 5548 9603 6032
