6361 7320 6816 7547
6415 8280 9389 9835
8856 3486 10000 5194
4774 3235 4986 6821
941 0 1270 1483
4541 9005 4708 9173
5333 0 6410 322
7341 396 10000 957
4433 6821 4990 7377
5206 5065 6058 9267
4990 5065 5206 9173
0 3685 660 9835
7726 2424 8362 7591
9091 5194 10000 5989
5333 322 6100 839
2097 7402 3724 9503
3724 8107 4541 9173
967 5509 2011 7233
8668 957 9617 1906
4563 9921 4905 10000
967 7233 2097 8591
5885 839 7341 1896
1688 1470 2634 2528
3700 0 5333 1354
3254 5574 3752 6072
4428 1475 4933 2066
8561 2758 9493 3486
3700 1354 4428 2066
8362 3559 8856 4545
4933 1475 5885 2313
0 9835 10000 9921
6410 0 10000 396
2019 1358 2132 1470
6058 6471 7100 7320
7246 7591 8498 8217
660 8591 2097 9835
3724 7377 4990 8107
6647 4388 7726 5466
3032 2066 4774 4336
0 782 941 2624
660 5027 967 8059
1270 0 3700 1358
7351 1831 8537 2424
4428 1354 5885 1475
116 2624 1177 3685
4774 2313 6620 3235
8498 7448 9320 8280
941 1483 1688 2230
6100 475 6826 839
1233 2529 1852 3147
4986 3235 6647 5065
3724 9173 5206 9835
