7081 7128 7858 9191
0 7220 3811 7659
3124 6412 4094 7220
913 1717 2439 3243
132 287 633 787
3587 5198 4637 5807
8936 8087 10000 10000
772 7136 3124 7220
7858 8551 8584 10000
8908 3804 9639 4891
3811 7220 4094 7524
1726 3243 2721 6114
0 9251 481 9779
2763 4601 3587 5745
4094 6412 5365 10000
7858 7314 8711 8551
1519 6114 2721 7136
7306 4327 8837 6671
635 8114 1118 8597
8731 145 10000 1482
8837 6185 9639 6599
8711 6671 8941 8087
4637 6411 5365 6412
6756 5829 7306 6379
8584 8661 8936 10000
6396 2392 7382 3377
9639 7122 10000 8087
7570 0 7850 4327
5941 1125 6657 2097
9639 3278 10000 7122
7850 0 8731 4004
0 3243 1726 6005
4637 4511 6133 6411
4723 3995 7306 4511
3392 7659 3945 7935
0 6226 772 7220
2721 5807 4637 6412
8837 4891 9639 6185
4923 2744 5840 3995
5365 6411 7306 6956
5365 6956 6132 7479
1749 8037 4094 10000
6900 917 7570 1586
5840 2510 6396 3995
9947 70 10000 145
8801 1482 10000 3278
8941 6599 9639 7731
2965 2510 4723 4267
7080 6956 7081 10000
4675 1254 5941 2510
5365 7479 7080 9697
