4650 7028 6144 7185
165 4619 558 5361
2287 3848 3515 5234
1230 451 1916 1136
185 398 429 642
5157 7744 5252 9954
2129 4062 2287 4378
9648 6603 10000 7182
3323 1186 4612 2903
4829 3953 4854 4657
5390 151 6174 934
1022 4329 2056 5362
4854 3760 6115 5705
6583 4939 7789 5542
8697 2847 10000 4158
9183 4845 9366 5160
7323 5829 8174 6680
8996 8869 10000 10000
6288 1032 7248 1908
3042 217 4531 1186
165 8139 1581 9219
6174 151 6779 863
8093 276 8893 863
239 9219 2375 9763
6851 1908 7880 2626
517 2238 982 2702
5267 5939 6144 6900
3626 4712 3869 6047
1581 8139 1696 9219
1317 6263 2180 7126
558 4619 1022 7105
6400 1951 6802 2626
9288 1352 9815 1879
0 9763 2375 10000
165 7196 734 8139
8144 7786 9228 8869
9228 7182 10000 8869
4612 1993 5823 3204
1696 7267 2473 9093
5823 1908 6400 2760
3515 3204 4829 4712
4098 9152 4430 9814
2473 8312 3956 9093
424 2702 1313 3064
2929 5948 3626 6820
165 9219 239 9763
8451 1400 9195 2143
6174 863 9793 1032
6818 8317 7768 9266
165 5361 558 7196
5252 8548 6818 10000
1313 2621 1814 3350
4650 7185 5481 7733
6544 7177 7391 8024
0 0 165 9763
6144 6461 7299 7177
446 3903 1022 4619
7880 1032 8451 2626
2375 9093 3997 10000
2061 0 9937 151
2378 295 3042 958
3952 6047 3953 8312
3953 6047 4650 7733
6400 2626 8697 3492
4650 6152 5184 7028
2180 6447 2822 7267
8451 1032 9288 1400
3626 6047 3952 8312
3869 5379 4803 6047
9366 4158 10000 5163
5481 7727 6303 8548
165 3064 1313 3903
4430 7733 5157 10000
734 7177 1696 8139
8350 8869 8996 10000
8374 5163 9716 6382
6115 3492 8213 4939
8697 2143 9434 2847
