5599 2466 6753 3862
6031 5251 7783 7467
8383 5152 8665 7005
9233 1325 9727 1605
571 5869 1121 6467
6891 8075 7230 8413
9221 1605 9572 2224
3847 3464 5278 4787
822 1391 1178 1747
0 4415 188 5520
3709 8914 4398 9673
66 1780 540 2253
9236 5905 10000 6322
7861 1745 9221 3084
0 2253 3586 2660
6031 9406 8383 10000
8665 5707 9170 6211
0 1213 730 1780
0 9637 3331 10000
3751 6078 5082 7648
0 2660 1008 3226
5599 0 5618 2466
1008 2964 1126 3081
3514 1123 4196 1804
8383 8661 10000 8801
928 9243 3331 9637
1121 5761 3751 7648
6812 4032 7720 4939
571 5077 1528 5761
8258 4600 8811 5152
3331 8914 3709 10000
9268 8801 9904 9437
4531 2471 5525 3464
8836 6838 10000 8661
6347 178 10000 1325
0 5520 571 7159
188 4415 1512 5077
4196 946 5599 2471
4659 787 4976 946
2467 7648 3331 9243
3331 7648 5284 8914
8383 8801 9268 10000
3868 26 4082 240
7736 3268 8492 4023
5278 3862 5955 4787
1528 4491 2787 5761
5147 4787 6031 6188
5618 0 10000 178
82 8681 486 9084
904 7648 2467 8999
6347 1325 9221 1745
8383 7005 8836 8661
5284 6188 6031 9644
2787 3267 3847 5761
5955 4297 6351 4787
5618 1277 6347 2204
6753 3044 6879 3297
8665 6322 10000 6838
7783 5152 8383 9406
36 3226 2150 4415
