3138 1509 4478 3051
9278 7041 9860 8582
3335 320 4102 704
2767 5242 4404 6238
461 3018 1071 3322
8237 8582 10000 10000
1388 3362 1999 4125
5002 3471 6051 4520
7208 5904 8955 7723
0 0 1205 3018
2767 3887 3499 4618
1205 78 3138 2257
3455 9237 4775 10000
4055 3051 4556 3301
3499 3301 4698 4619
7925 9281 8100 9455
2362 7326 3902 7754
6830 3754 8707 5630
9049 0 10000 995
421 6268 788 6444
6631 6832 7208 7629
2693 6391 3902 7326
4116 7055 4734 7629
4701 4793 5670 6484
5393 618 6491 1167
2099 4234 2767 6268
4734 6484 5833 7333
2447 6411 2693 6901
9049 995 9537 1971
0 6444 1186 8901
7576 7723 9278 8582
1999 2257 2084 6221
6331 3070 7209 3754
7010 90 7764 844
4404 5602 4701 5899
6555 6238 6987 6832
241 9465 515 9739
1186 8732 2106 9461
4775 9239 6037 10000
0 5433 1999 6268
6378 9466 7034 10000
2858 9237 3035 9325
7979 9792 8237 10000
4478 618 5393 3051
4075 4619 4698 5242
3038 6238 3518 6391
9408 6761 9689 7041
760 3551 1388 4179
8082 2762 9623 3532
1186 6268 2362 7443
1354 7966 2120 8732
271 4305 1399 5433
2364 7754 4626 9237
6135 5805 6555 7333
7893 403 8335 1286
8335 176 9049 2762
8955 3532 9278 7723
5393 1605 5771 2075
2915 2257 3138 2376
3138 704 4049 1509
2084 3285 2767 4234
5771 1427 6409 2169
4734 7333 6631 7629
4698 4520 6830 4793
5833 6866 6135 7168
3902 7629 7208 7754
2084 4234 2099 6268
9860 2275 10000 8582
7764 0 9049 176
5017 0 6662 618
5670 5299 6177 5805
